1	1
2	2
3	9
4	12
5	14
6	15
7	18
8	19
9	22
10	23
11	24
12	25
13	26
14	27
15	29
16	31
17	32
18	37
19	39
20	40
21	41
22	43
23	47
24	48
25	52
26	53
27	54
28	55
29	58
30	59
31	60
32	70
33	71
34	81
35	86
36	87
37	88
38	89
39	90
40	91
41	92
42	93
43	94
44	100
45	102
46	103
47	104
48	107
49	108
50	109
51	111
52	112
53	113
54	114
55	116
56	117
57	118
58	119
59	120
60	123
61	124
62	127
63	133
64	134
65	135
66	141
67	142
68	143
69	147
70	148
71	150
72	151
73	152
74	153
75	154
76	155
77	156
78	157
79	159
80	160
81	161
82	162
83	163
84	164
85	165
86	166
87	174
88	175
89	177
90	178
91	181
92	182
93	183
94	185
95	186
96	187
97	189
98	190
99	196
100	197
101	199
102	203
103	207
104	208
105	212
106	213
107	214
108	216
109	217
110	226
111	229
112	231
113	238
114	240
115	248
116	249
117	250
118	251
119	259
120	265
121	266
122	267
123	268
124	269
125	270
126	273
127	274
128	279
129	283
130	284
131	285
132	286
133	287
134	288
135	290
136	291
137	292
138	301
139	302
140	306
141	307
142	308
143	309
144	310
145	311
146	312
147	317
148	318
149	320
150	321
151	322
152	324
153	325
154	326
155	328
156	329
157	330
158	331
159	332
160	333
161	334
162	335
163	336
164	338
165	339
166	341
167	347
168	348
169	350
170	351
171	353
172	354
173	355
174	356
175	358
176	359
177	361
178	362
179	366
180	367
181	369
182	373
183	374
184	375
185	377
186	378
187	382
188	383
189	387
190	388
191	389
192	390
193	391
194	392
195	394
196	396
197	397
198	398
199	400
200	401
201	402
202	403
203	405
204	406
205	407
206	408
207	409
208	410
209	417
210	421
211	429
212	432
213	433
214	434
215	439
216	444
217	445
218	462
219	463
220	466
221	467
222	468
223	471
224	472
225	473
226	474
227	475
228	476
229	478
230	481
231	482
232	486
233	487
234	488
235	489
236	490
237	491
238	493
239	498
240	506
241	509
242	513
243	525
244	527
245	529
246	538
247	540
248	545
249	546
250	547
251	550
252	551
253	552
254	554
255	558
256	563
257	567
258	570
259	571
260	572
261	573
262	575
263	578
264	580
265	581
266	582
267	590
268	593
269	594
270	595
271	596
272	597
273	598
274	599
275	602
276	604
277	607
278	608
279	610
280	613
281	617
282	623
283	624
284	627
285	629
286	631
287	632
288	633
289	634
290	636
291	637
292	638
293	639
294	640
295	641
296	642
297	643
298	644
299	646
300	648
301	649
302	650
303	651
304	652
305	654
306	655
307	656
308	657
309	658
310	659
311	660
312	661
313	662
314	663
315	664
316	665
317	667
318	668
319	671
320	672
321	673
322	675
323	677
324	680
325	682
326	683
327	684
328	685
329	687
330	688
331	689
332	694
333	695
334	696
335	699
336	701
337	705
338	706
339	708
340	710
341	712
342	713
343	714
344	715
345	716
346	717
347	718
348	719
349	720
350	721
351	722
352	725
353	727
354	728
355	729
356	730
357	731
358	732
359	733
360	738
361	752
362	754
363	760
364	761
365	762
366	765
367	767
368	768
369	773
370	774
371	775
372	777
373	778
374	780
375	782
376	783
377	784
378	790
379	793
380	796
381	797
382	799
383	800
384	810
385	811
386	813
387	814
388	815
389	816
390	817
391	818
392	819
393	820
394	821
395	822
396	823
397	824
398	825
399	826
400	829
401	830
402	831
403	832
404	833
405	834
406	835
407	836
408	837
409	838
410	839
411	840
412	841
413	842
414	843
415	845
416	846
417	847
418	857
419	858
420	859
421	860
422	861
423	862
424	863
425	864
426	865
427	867
428	868
429	869
430	871
431	874
432	875
433	881
434	885
435	886
436	887
437	889
438	890
439	891
440	892
441	894
442	896
443	898
444	899
445	900
446	902
447	904
448	905
449	909
450	910
451	912
452	913
453	914
454	915
455	916
456	917
457	919
458	920
459	921
460	922
461	923
462	924
463	926
464	928
465	929
466	930
467	931
468	932
469	933
470	939
471	940
472	941
473	943
474	944
475	945
476	946
477	947
478	948
479	949
480	950
481	951
482	952
483	953
484	957
485	958
486	959
487	960
488	961
489	962
490	963
491	967
492	970
493	971
494	972
495	973
496	974
497	975
498	976
499	977
500	978
501	983
502	984
503	988
504	989
505	990
506	991
507	993
508	994
509	995
510	996
511	997
512	998
513	999
514	1000
515	1001
516	1002
517	1003
518	1004
519	1005
520	1006
521	1012
522	1013
523	1014
524	1016
525	1017
526	1018
527	1019
528	1020
529	1021
530	1022
531	1024
532	1025
533	1026
534	1027
535	1028
536	1029
537	1030
538	1031
539	1032
540	1033
541	1036
542	1038
543	1039
544	1040
545	1044
546	1045
547	1046
548	1047
549	1048
550	1050
551	1051
552	1052
553	1053
554	1054
555	1058
556	1060
557	1062
558	1063
559	1066
560	1068
561	1069
562	1070
563	1071
564	1072
565	1073
566	1075
567	1080
568	1081
569	1084
570	1088
571	1101
572	1103
573	1104
574	1105
575	1107
576	1108
577	1111
578	1112
579	1113
580	1119
581	1121
582	1123
583	1124
584	1128
585	1129
586	1131
587	1132
588	1134
589	1136
590	1137
591	1138
592	1139
593	1140
594	1141
595	1143
596	1144
597	1145
598	1147
599	1149
600	1152
601	1153
602	1154
603	1155
604	1158
605	1159
606	1161
607	1163
608	1164
609	1173
610	1176
611	1179
612	1180
613	1182
614	1184
615	1186
616	1191
617	1192
618	1195
619	1196
620	1200
621	1201
622	1207
623	1208
624	1211
625	1212
626	1213
627	1215
628	1230
629	1232
630	1233
631	1234
632	1235
633	1236
634	1237
635	1238
636	1240
637	1241
638	1244
639	1258
640	1259
641	1263
642	1264
643	1265
644	1266
645	1267
646	1268
647	1269
648	1270
649	1271
650	1272
651	1277
652	1278
653	1280
654	1281
655	1282
656	1284
657	1285
658	1289
659	1290
660	1291
661	1292
662	1293
663	1294
664	1295
665	1296
666	1297
667	1302
668	1305
669	1307
670	1308
671	1311
672	1312
673	1314
674	1315
675	1316
676	1325
677	1326
678	1329
679	1356
680	1361
681	1363
682	1364
683	1365
684	1366
685	1368
686	1374
687	1378
688	1380
689	1385
690	1386
691	1387
692	1390
693	1392
694	1394
695	1395
696	1397
697	1398
698	1399
699	1400
700	1401
701	1406
702	1407
703	1408
704	1409
705	1410
706	1411
707	1412
708	1413
709	1414
710	1415
711	1417
712	1419
713	1420
714	1421
715	1427
716	1429
717	1431
718	1432
719	1434
720	1435
721	1436
722	1437
723	1438
724	1439
725	1440
726	1441
727	1442
728	1443
729	1445
730	1446
731	1447
732	1448
733	1452
734	1453
735	1454
736	1455
737	1457
738	1459
739	1460
740	1462
741	1463
742	1464
743	1466
744	1471
745	1472
746	1473
747	1475
748	1476
749	1477
750	1478
751	1482
752	1487
753	1488
754	1489
755	1490
756	1491
757	1493
758	1495
759	1496
760	1499
761	1500
762	1501
763	1503
764	1504
765	1506
766	1508
767	1509
768	1510
769	1511
770	1512
771	1513
772	1514
773	1520
774	1523
775	1524
776	1525
777	1528
778	1535
779	1536
780	1537
781	1540
782	1555
783	1559
784	1576
785	1577
786	1583
787	1585
788	1586
789	1588
790	1600
791	1601
792	1602
793	1603
794	1604
795	1605
796	1606
797	1609
798	1610
799	1611
800	1612
801	1613
802	1615
803	1616
804	1617
805	1618
806	1621
807	1622
808	1627
809	1628
810	1630
811	1633
812	1634
813	1636
814	1639
815	1641
816	1642
817	1643
818	1644
819	1647
820	1649
821	1650
822	1653
823	1654
824	1655
825	1656
826	1660
827	1665
828	1667
829	1668
830	1670
831	1672
832	1673
833	1674
834	1675
835	1676
836	1677
837	1678
838	1716
839	1718
840	1719
841	1725
842	1728
843	1729
844	1730
845	1731
846	1734
847	1736
848	1737
849	1738
850	1739
851	1740
852	1741
853	1742
854	1743
855	1745
856	1747
857	1749
858	1756
859	1759
860	1760
861	1763
862	1773
863	1778
864	1780
865	1785
866	1786
867	1787
868	1788
869	1789
870	1791
871	1793
872	1796
873	1801
874	1802
875	1803
876	1804
877	1805
878	1806
879	1808
880	1809
881	1810
882	1811
883	1812
884	1813
885	1814
886	1815
887	1816
888	1820
889	1822
890	1825
891	1827
892	1828
893	1830
894	1831
895	1832
896	1834
897	1837
898	1838
899	1839
900	1840
901	1843
902	1844
903	1845
904	1846
905	1847
906	1848
907	1849
908	1850
909	1852
910	1854
911	1855
912	1856
913	1857
914	1859
915	1861
916	1869
917	1870
918	1871
919	1874
920	1875
921	1876
922	1877
923	1879
924	1889
925	1891
926	1892
927	1893
928	1894
929	1896
930	1901
931	1902
932	1903
933	1906
934	1907
935	1908
936	1909
937	1910
938	1911
939	1912
940	1915
941	1917
942	1933
943	1936
944	1937
945	1938
946	1939
947	1942
948	1943
949	1944
950	1945
951	1946
952	1947
953	1948
954	1949
955	1950
956	1956
957	1958
958	1959
959	1961
960	1964
961	1965
962	1967
963	1968
964	1969
965	1973
966	1974
967	1975
968	1977
969	1978
970	1979
971	1981
972	1982
973	1983
974	1984
975	1990
976	1991
977	1992
978	1994
979	1996
980	1997
981	1998
982	1999
983	2000
984	2002
985	2004
986	2005
987	2006
988	2009
989	2010
990	2011
991	2014
992	2017
993	2018
994	2019
995	2021
996	2022
997	2023
998	2026
999	2028
1000	2029
1001	2030
1002	2033
1003	2034
1004	2035
1005	2036
1006	2037
1007	2038
1008	2039
1009	2040
1010	2041
1011	2042
1012	2043
1013	2044
1014	2045
1015	2046
1016	2047
1017	2048
1018	2049
1019	2050
1020	2051
1021	2054
1022	2055
1023	2056
1024	2057
1025	2058
1026	2059
1027	2060
1028	2063
1029	2064
1030	2065
1031	2066
1032	2067
1033	2068
1034	2069
1035	2071
1036	2072
1037	2073
1038	2074
1039	2077
1040	2078
1041	2081
1042	2091
1043	2099
1044	2100
1045	2101
1046	2103
1047	2104
1048	2107
1049	2113
1050	2114
1051	2115
1052	2116
1053	2118
1054	2119
1055	2120
1056	2122
1057	2125
1058	2130
1059	2131
1060	2132
1061	2134
1062	2138
1063	2139
1064	2140
1065	2145
1066	2146
1067	2147
1068	2149
1069	2150
1070	2151
1071	2152
1072	2153
1073	2155
1074	2157
1075	2158
1076	2159
1077	2160
1078	2161
1079	2162
1080	2165
1081	2167
1082	2171
1083	2175
1084	2176
1085	2177
1086	2178
1087	2181
1088	2185
1089	2186
1090	2187
1091	2188
1092	2189
1093	2191
1094	2192
1095	2193
1096	2194
1097	2195
1098	2199
1099	2200
1100	2201
1101	2202
1102	2203
1103	2204
1104	2206
1105	2207
1106	2208
1107	2209
1108	2212
1109	2213
1110	2214
1111	2217
1112	2219
1113	2220
1114	2230
1115	2232
1116	2235
1117	2237
1118	2239
1119	2241
1120	2242
1121	2243
1122	2244
1123	2245
1124	2246
1125	2247
1126	2248
1127	2249
1128	2250
1129	2251
1130	2252
1131	2253
1132	2254
1133	2255
1134	2256
1135	2257
1136	2258
1137	2259
1138	2260
1139	2261
1140	2262
1141	2263
1142	2264
1143	2266
1144	2267
1145	2268
1146	2271
1147	2272
1148	2273
1149	2274
1150	2275
1151	2277
1152	2280
1153	2281
1154	2286
1155	2288
1156	2289
1157	2290
1158	2296
1159	2299
1160	2301
1161	2305
1162	2308
1163	2309
1164	2312
1165	2313
1166	2314
1167	2315
1168	2316
1169	2317
1170	2318
1171	2319
1172	2321
1173	2322
1174	2323
1175	2324
1176	2332
1177	2335
1178	2339
1179	2342
1180	2353
1181	2354
1182	2355
1183	2357
1184	2358
1185	2359
1186	2395
1187	2444
1188	2475
1189	2487
1190	2488
1191	2492
1192	2494
1193	2495
1194	2512
1195	2515
1196	2516
1197	2520
1198	2521
1199	2524
1200	2526
1201	2532
1202	2533
1203	2534
1204	2535
1205	2537
1206	2538
1207	2539
1208	2547
1209	2549
1210	2550
1211	2551
1212	2553
1213	2554
1214	2560
1215	2561
1216	2566
1217	2569
1218	2570
1219	2571
1220	2572
1221	2579
1222	2581
1223	2587
1224	2590
1225	2596
1226	2597
1227	2617
1228	2619
1229	2620
1230	2621
1231	2623
1232	2624
1233	2625
1234	2626
1235	2627
1236	2629
1237	2633
1238	2637
1239	2638
1240	2641
1241	2642
1242	2643
1243	2644
1244	2645
1245	2646
1246	2648
1247	2649
1248	2650
1249	2658
1250	2660
1251	2661
1252	2664
1253	2665
1254	2668
1255	2669
1256	2670
1257	2671
1258	2672
1259	2673
1260	2674
1261	2675
1262	2676
1263	2677
1264	2678
1265	2683
1266	2688
1267	2690
1268	2691
1269	2692
1270	2693
1271	2694
1272	2695
1273	2696
1274	2697
1275	2702
1276	2705
1277	2706
1278	2707
1279	2710
1280	2719
1281	2720
1282	2729
1283	2730
1284	2733
1285	2735
1286	2736
1287	2737
1288	2739
1289	2740
1290	2741
1291	2743
1292	2744
1293	2745
1294	2746
1295	2760
1296	2764
1297	2765
1298	2767
1299	2768
1300	2769
1301	2770
1302	2771
1303	2773
1304	2775
1305	2776
1306	2778
1307	2779
1308	2780
1309	2781
1310	2782
1311	2783
1312	2784
1313	2785
1314	2786
1315	2792
1316	2793
1317	2796
1318	2797
1319	2798
1320	2801
1321	2802
1322	2803
1323	2804
1324	2806
1325	2810
1326	2811
1327	2812
1328	2813
1329	2815
1330	2817
1331	2819
1332	2820
1333	2821
1334	2822
1335	2823
1336	2824
1337	2825
1338	2826
1339	2829
1340	2831
1341	2832
1342	2833
1343	2834
1344	2837
1345	2840
1346	2846
1347	2847
1348	2852
1349	2861
1350	2862
1351	2868
1352	2869
1353	2870
1354	2872
1355	2873
1356	2874
1357	2876
1358	2882
1359	2885
1360	2886
1361	2887
1362	2888
1363	2889
1364	2890
1365	2891
1366	2892
1367	2893
1368	2895
1369	2896
1370	2897
1371	2898
1372	2900
1373	2902
1374	2903
1375	2904
1376	2905
1377	2908
1378	2909
1379	2911
1380	2912
1381	2913
1382	2914
1383	2915
1384	2916
1385	2917
1386	2919
1387	2920
1388	2921
1389	2922
1390	2923
1391	2925
1392	2926
1393	2928
1394	2931
1395	2932
1396	2934
1397	2935
1398	2936
1399	2937
1400	2938
1401	2941
1402	2944
1403	2946
1404	2950
1405	2954
1406	2956
1407	2957
1408	2958
1409	2959
1410	2961
1411	2962
1412	2963
1413	2965
1414	2969
1415	2971
1416	2972
1417	2976
1418	2977
1419	2980
1420	2981
1421	2982
1422	2983
1423	2984
1424	2990
1425	2992
1426	2995
1427	2997
1428	3001
1429	3002
1430	3004
1431	3005
1432	3006
1433	3008
1434	3009
1435	3012
1436	3014
1437	3015
1438	3017
1439	3018
1440	3020
1441	3021
1442	3024
1443	3026
1444	3028
1445	3030
1446	3032
1447	3033
1448	3037
1449	3039
1450	3040
1451	3043
1452	3046
1453	3048
1454	3050
1455	3053
1456	3054
1457	3055
1458	3059
1459	3060
1460	3061
1461	3062
1462	3064
1463	3065
1464	3066
1465	3067
1466	3069
1467	3070
1468	3073
1469	3074
1470	3075
1471	3077
1472	3082
1473	3083
1474	3084
1475	3087
1476	3090
1477	3091
1478	3092
1479	3093
1480	3094
1481	3096
1482	3097
1483	3098
1484	3105
1485	3106
1486	3109
1487	3110
1488	3113
1489	3115
1490	3118
1491	3119
1492	3122
1493	3127
1494	3131
1495	3133
1496	3135
1497	3140
1498	3141
1499	3145
1500	3146
1501	3148
1502	3150
1503	3151
1504	3156
1505	3159
1506	3161
1507	3162
1508	3163
1509	3164
1510	3169
1511	3170
1512	3172
1513	3175
1514	3178
1515	3181
1516	3182
1517	3183
1518	3184
1519	3185
1520	3187
1521	3190
1522	3191
1523	3192
1524	3195
1525	3196
1526	3198
1527	3199
1528	3202
1529	3204
1530	3205
1531	3206
1532	3207
1533	3208
1534	3211
1535	3212
1536	3216
1537	3217
1538	3218
1539	3219
1540	3223
1541	3224
1542	3225
1543	3226
1544	3235
1545	3240
1546	3241
1547	3249
1548	3257
1549	3265
1550	3267
1551	3269
1552	3270
1553	3273
1554	3274
1555	3275
1556	3276
1557	3280
1558	3281
1559	3291
1560	3295
1561	3297
1562	3298
1563	3299
1564	3300
1565	3301
1566	3303
1567	3304
1568	3305
1569	3306
1570	3308
1571	3309
1572	3310
1573	3312
1574	3313
1575	3315
1576	3316
1577	3320
1578	3326
1579	3329
1580	3337
1581	3339
1582	3347
1583	3350
1584	3351
1585	3354
1586	3355
1587	3356
1588	3357
1589	3358
1590	3359
1591	3360
1592	3361
1593	3362
1594	3363
1595	3364
1596	3371
1597	3375
1598	3376
1599	3383
1600	3384
1601	3385
1602	3394
1603	3397
1604	3398
1605	3399
1606	3416
1607	3417
1608	3418
1609	3428
1610	3430
1611	3433
1612	3434
1613	3437
1614	3439
1615	3440
1616	3441
1617	3442
1618	3443
1619	3444
1620	3445
1621	3446
1622	3447
1623	3448
1624	3449
1625	3451
1626	3452
1627	3454
1628	3455
1629	3456
1630	3458
1631	3459
1632	3460
1633	3467
1634	3476
1635	3479
1636	3480
1637	3481
1638	3482
1639	3484
1640	3485
1641	3486
1642	3487
1643	3488
1644	3490
1645	3491
1646	3512
1647	3516
1648	3549
1649	3551
1650	3552
1651	3553
1652	3554
1653	3556
1654	3557
1655	3558
1656	3559
1657	3560
1658	3561
1659	3562
1660	3563
1661	3565
1662	3566
1663	3567
1664	3568
1665	3569
1666	3570
1667	3572
1668	3574
1669	3575
1670	3576
1671	3577
1672	3578
1673	3579
1674	3581
1675	3586
1676	3587
1677	3588
1678	3589
1679	3590
1680	3592
1681	3593
1682	3594
1683	3595
1684	3596
1685	3597
1686	3598
1687	3600
1688	3601
1689	3603
1690	3604
1691	3605
1692	3606
1693	3607
1694	3608
1695	3609
1696	3611
1697	3612
1698	3615
1699	3619
1700	3620
1701	3621
1702	3622
1703	3623
1704	3624
1705	3625
1706	3626
1707	3627
1708	3630
1709	3631
1710	3632
1711	3635
1712	3636
1713	3638
1714	3640
1715	3642
1716	3643
1717	3646
1718	3651
1719	3652
1720	3654
1721	3655
1722	3656
1723	3658
1724	3659
1725	3660
1726	3661
1727	3662
1728	3663
1729	3664
1730	3665
1731	3667
1732	3669
1733	3670
1734	3672
1735	3673
1736	3674
1737	3675
1738	3676
1739	3678
1740	3679
1741	3680
1742	3681
1743	3682
1744	3683
1745	3684
1746	3685
1747	3687
1748	3688
1749	3689
1750	3690
1751	3691
1752	3692
1753	3693
1754	3694
1755	3695
1756	3696
1757	3699
1758	3700
1759	3702
1760	3703
1761	3706
1762	3708
1763	3709
1764	3710
1765	3714
1766	3716
1767	3717
1768	3718
1769	3720
1770	3725
1771	3726
1772	3727
1773	3728
1774	3730
1775	3732
1776	3735
1777	3736
1778	3737
1779	3738
1780	3739
1781	3741
1782	3744
1783	3745
1784	3746
1785	3749
1786	3750
1787	3751
1788	3752
1789	3753
1790	3755
1791	3756
1792	3757
1793	3758
1794	3759
1795	3760
1796	3761
1797	3762
1798	3763
1799	3764
1800	3765
1801	3766
1802	3767
1803	3768
1804	3769
1805	3772
1806	3773
1807	3777
1808	3778
1809	3779
1810	3780
1811	3781
1812	3783
1813	3784
1814	3785
1815	3786
1816	3790
1817	3791
1818	3792
1819	3796
1820	3797
1821	3798
1822	3799
1823	3800
1824	3801
1825	3802
1826	3805
1827	3811
1828	3813
1829	3814
1830	3815
1831	3816
1832	3817
1833	3818
1834	3820
1835	3821
1836	3822
1837	3823
1838	3824
1839	3827
1840	3831
1841	3832
1842	3833
1843	3835
1844	3836
1845	3837
1846	3838
1847	3839
1848	3840
1849	3842
1850	3843
1851	3845
1852	3848
1853	3849
1854	3852
1855	3853
1856	3856
1857	3858
1858	3861
1859	3868
1860	3875
1861	3880
1862	3881
1863	3888
1864	3891
1865	3895
1866	3897
1867	3898
1868	3903
1869	3906
1870	3909
1871	3911
1872	3912
1873	3916
1874	3920
1875	3921
1876	3925
1877	3927
1878	3929
1879	3930
1880	3931
1881	3932
1882	3933
1883	3934
1884	3936
1885	3937
1886	3939
1887	3945
1888	3948
1889	3949
1890	3952
1891	3953
1892	3954
1893	3955
1894	3956
1895	3957
1896	3958
1897	3959
1898	3964
1899	3965
1900	3972
1901	3973
1902	3975
1903	3976
1904	3977
1905	3978
1906	3980
1907	3981
1908	3982
1909	3983
1910	3984
1911	3985
1912	3987
1913	3990
1914	3991
1915	3996
1916	3998
1917	4000
1918	4001
1919	4004
1920	4005
1921	4008
1922	4009
1923	4010
1924	4012
1925	4015
1926	4016
1927	4017
1928	4023
1929	4035
1930	4036
1931	4038
1932	4040
1933	4041
1934	4043
1935	4046
1936	4048
1937	4049
1938	4050
1939	4052
1940	4053
1941	4055
1942	4056
1943	4057
1944	4058
1945	4059
1946	4060
1947	4061
1948	4063
1949	4064
1950	4066
1951	4067
1952	4068
1953	4069
1954	4070
1955	4071
1956	4072
1957	4074
1958	4076
1959	4077
1960	4081
1961	4082
1962	4084
1963	4085
1964	4086
1965	4087
1966	4088
1967	4089
1968	4090
1969	4091
1970	4092
1971	4093
1972	4094
1973	4097
1974	4099
1975	4100
1976	4101
1977	4103
1978	4110
1979	4117
1980	4118
1981	4128
1982	4130
1983	4131
1984	4133
1985	4134
1986	4135
1987	4137
1988	4139
1989	4140
1990	4141
1991	4142
1992	4143
1993	4144
1994	4145
1995	4146
1996	4148
1997	4149
1998	4150
1999	4152
2000	4153
2001	4155
2002	4157
2003	4158
2004	4159
2005	4160
2006	4161
2007	4162
2008	4163
2009	4168
2010	4170
2011	4171
2012	4172
2013	4173
2014	4174
2015	4175
2016	4176
2017	4179
2018	4188
2019	4190
2020	4191
2021	4192
2022	4193
2023	4194
2024	4201
2025	4204
2026	4205
2027	4207
2028	4208
2029	4209
2030	4210
2031	4211
2032	4212
2033	4214
2034	4215
2035	4216
2036	4217
2037	4218
2038	4221
2039	4223
2040	4224
2041	4225
2042	4233
2043	4234
2044	4237
2045	4239
2046	4240
2047	4241
2048	4242
2049	4246
2050	4250
2051	4254
2052	4255
2053	4256
2054	4257
2055	4261
2056	4277
2057	4281
2058	4282
2059	4283
2060	4284
2061	4286
2062	4287
2063	4288
2064	4289
2065	4291
2066	4292
2067	4293
2068	4294
2069	4295
2070	4296
2071	4297
2072	4298
2073	4299
2074	4300
2075	4301
2076	4302
2077	4303
2078	4306
2079	4308
2080	4311
2081	4312
2082	4313
2083	4314
2084	4316
2085	4317
2086	4318
2087	4319
2088	4320
2089	4321
2090	4322
2091	4323
2092	4324
2093	4325
2094	4326
2095	4330
2096	4331
2097	4335
2098	4338
2099	4342
2100	4343
2101	4345
2102	4350
2103	4352
2104	4353
2105	4354
2106	4355
2107	4356
2108	4359
2109	4360
2110	4361
2111	4363
2112	4435
2113	4436
2114	4438
2115	4439
2116	4440
2117	4478
2118	4481
2119	4485
2120	4486
2121	4487
2122	4488
2123	4489
2124	4502
2125	4504
2126	4508
2127	4513
2128	4514
2129	4515
2130	4519
2131	4520
2132	4534
2133	4535
2134	4543
2135	4544
2136	4547
2137	4548
2138	4552
2139	4580
2140	4582
2141	4584
2142	4585
2143	4586
2144	4588
2145	4589
2146	4591
2147	4593
2148	4594
2149	4595
2150	4599
2151	4601
2152	4602
2153	4603
2154	4605
2155	4606
2156	4607
2157	4608
2158	4609
2159	4610
2160	4613
2161	4615
2162	4616
2163	4617
2164	4620
2165	4621
2166	4625
2167	4627
2168	4628
2169	4632
2170	4633
2171	4634
2172	4635
2173	4636
2174	4637
2175	4638
2176	4641
2177	4643
2178	4644
2179	4645
2180	4646
2181	4647
2182	4650
2183	4651
2184	4653
2185	4654
2186	4656
2187	4659
2188	4660
2189	4661
2190	4664
2191	4665
2192	4666
2193	4668
2194	4670
2195	4671
2196	4673
2197	4678
2198	4680
2199	4681
2200	4682
2201	4683
2202	4684
2203	4686
2204	4688
2205	4689
2206	4690
2207	4691
2208	4692
2209	4697
2210	4703
2211	4704
2212	4716
2213	4719
2214	4724
2215	4729
2216	4733
2217	4734
2218	4735
2219	4738
2220	4739
2221	4741
2222	4744
2223	4747
2224	4750
2225	4751
2226	4753
2227	4756
2228	4758
2229	4760
2230	4763
2231	4771
2232	4772
2233	4773
2234	4774
2235	4775
2236	4776
2237	4778
2238	4779
2239	4780
2240	4781
2241	4782
2242	4783
2243	4784
2244	4790
2245	4791
2246	4792
2247	4793
2248	4794
2249	4795
2250	4798
2251	4799
2252	4800
2253	4801
2254	4802
2255	4803
2256	4804
2257	4807
2258	4808
2259	4809
2260	4810
2261	4811
2262	4821
2263	4824
2264	4825
2265	4826
2266	4828
2267	4829
2268	4830
2269	4831
2270	4832
2271	4835
2272	4836
2273	4838
2274	4839
2275	4841
2276	4842
2277	4843
2278	4846
2279	4848
2280	4851
2281	4852
2282	4853
2283	4854
2284	4855
2285	4856
2286	4860
2287	4862
2288	4863
2289	4864
2290	4867
2291	4868
2292	4869
2293	4878
2294	4879
2295	4880
2296	4881
2297	4882
2298	4883
2299	4886
2300	4887
2301	4889
2302	4891
2303	4892
2304	4893
2305	4897
2306	4898
2307	4899
2308	4900
2309	4901
2310	4902
2311	4904
2312	4905
2313	4907
2314	4908
2315	4909
2316	4913
2317	4914
2318	4915
2319	4916
2320	4917
2321	4919
2322	4920
2323	4921
2324	4922
2325	4923
2326	4924
2327	4925
2328	4926
2329	4928
2330	4929
2331	4931
2332	4935
2333	4939
2334	4940
2335	4943
2336	4946
2337	4951
2338	4952
2339	4953
2340	4956
2341	4957
2342	4967
2343	4968
2344	4973
2345	4974
2346	4975
2347	4976
2348	4982
2349	4985
2350	4986
2351	4987
2352	4988
2353	4998
2354	4999
2355	5002
2356	5004
2357	5007
2358	5008
2359	5009
2360	5013
2361	5015
2362	5016
2363	5017
2364	5020
2365	5021
2366	5023
2367	5024
2368	5025
2369	5027
2370	5028
2371	5030
2372	5033
2373	5034
2374	5036
2375	5037
2376	5045
2377	5046
2378	5047
2379	5048
2380	5049
2381	5050
2382	5052
2383	5053
2384	5054
2385	5055
2386	5058
2387	5062
2388	5063
2389	5066
2390	5068
2391	5069
2392	5071
2393	5073
2394	5074
2395	5076
2396	5077
2397	5079
2398	5080
2399	5081
2400	5082
2401	5083
2402	5087
2403	5089
2404	5090
2405	5092
2406	5093
2407	5094
2408	5095
2409	5096
2410	5099
2411	5104
2412	5105
2413	5108
2414	5111
2415	5116
2416	5118
2417	5122
2418	5125
2419	5126
2420	5127
2421	5130
2422	5132
2423	5133
2424	5138
2425	5139
2426	5140
2427	5141
2428	5142
2429	5143
2430	5144
2431	5147
2432	5148
2433	5150
2434	5151
2435	5154
2436	5155
2437	5156
2438	5159
2439	5160
2440	5161
2441	5162
2442	5163
2443	5164
2444	5165
2445	5166
2446	5167
2447	5168
2448	5170
2449	5174
2450	5175
2451	5176
2452	5179
2453	5187
2454	5189
2455	5190
2456	5191
2457	5193
2458	5194
2459	5195
2460	5196
2461	5199
2462	5201
2463	5202
2464	5203
2465	5204
2466	5205
2467	5207
2468	5208
2469	5209
2470	5211
2471	5213
2472	5216
2473	5217
2474	5218
2475	5223
2476	5225
2477	5226
2478	5230
2479	5236
2480	5238
2481	5239
2482	5241
2483	5243
2484	5245
2485	5251
2486	5252
2487	5255
2488	5260
2489	5264
2490	5265
2491	5266
2492	5267
2493	5268
2494	5269
2495	5270
2496	5272
2497	5274
2498	5275
2499	5277
2500	5281
2501	5283
2502	5284
2503	5286
2504	5287
2505	5289
2506	5290
2507	5291
2508	5292
2509	5293
2510	5294
2511	5295
2512	5296
2513	5298
2514	5300
2515	5303
2516	5304
2517	5305
2518	5306
2519	5307
2520	5308
2521	5309
2522	5310
2523	5311
2524	5314
2525	5315
2526	5316
2527	5318
2528	5319
2529	5320
2530	5321
2531	5322
2532	5324
2533	5325
2534	5326
2535	5327
2536	5328
2537	5329
2538	5330
2539	5331
2540	5333
2541	5335
2542	5336
2543	5337
2544	5338
2545	5339
2546	5340
2547	5341
2548	5345
2549	5346
2550	5347
2551	5348
2552	5350
2553	5351
2554	5354
2555	5355
2556	5356
2557	5357
2558	5358
2559	5359
2560	5360
2561	5361
2562	5362
2563	5364
2564	5365
2565	5366
2566	5367
2567	5368
2568	5371
2569	5376
2570	5393
2571	5394
2572	5395
2573	5396
2574	5406
2575	5408
2576	5411
2577	5413
2578	5414
2579	5420
2580	5422
2581	5423
2582	5424
2583	5425
2584	5426
2585	5427
2586	5428
2587	5429
2588	5430
2589	5431
2590	5432
2591	5434
2592	5435
2593	5436
2594	5437
2595	5439
2596	5440
2597	5441
2598	5443
2599	5444
2600	5447
2601	5449
2602	5450
2603	5451
2604	5452
2605	5453
2606	5454
2607	5457
2608	5458
2609	5459
2610	5460
2611	5464
2612	5465
2613	5467
2614	5468
2615	5469
2616	5473
2617	5476
2618	5478
2619	5479
2620	5480
2621	5481
2622	5493
2623	5494
2624	5495
2625	5496
2626	5498
2627	5499
2628	5500
2629	5501
2630	5502
2631	5504
2632	5506
2633	5507
2634	5510
2635	5511
2636	5514
2637	5515
2638	5516
2639	5518
2640	5519
2641	5520
2642	5521
2643	5522
2644	5523
2645	5524
2646	5525
2647	5526
2648	5527
2649	5528
2650	5530
2651	5531
2652	5532
2653	5533
2654	5534
2655	5535
2656	5536
2657	5537
2658	5538
2659	5539
2660	5540
2661	5546
2662	5547
2663	5550
2664	5551
2665	5552
2666	5553
2667	5554
2668	5555
2669	5562
2670	5563
2671	5564
2672	5566
2673	5567
2674	5568
2675	5569
2676	5571
2677	5573
2678	5575
2679	5576
2680	5577
2681	5578
2682	5579
2683	5580
2684	5581
2685	5582
2686	5583
2687	5584
2688	5585
2689	5586
2690	5587
2691	5588
2692	5589
2693	5590
2694	5591
2695	5592
2696	5593
2697	5594
2698	5595
2699	5596
2700	5597
2701	5598
2702	5599
2703	5600
2704	5601
2705	5602
2706	5603
2707	5604
2708	5605
2709	5606
2710	5607
2711	5608
2712	5609
2713	5610
2714	5611
2715	5612
2716	5613
2717	5617
2718	5618
2719	5619
2720	5620
2721	5621
2722	5623
2723	5624
2724	5626
2725	5627
2726	5629
2727	5630
2728	5641
2729	5644
2730	5645
2731	5646
2732	5648
2733	5649
2734	5651
2735	5654
2736	5657
2737	5660
2738	5663
2739	5664
2740	5684
2741	5686
2742	5687
2743	5688
2744	5689
2745	5692
2746	5693
2747	5694
2748	5696
2749	5697
2750	5698
2751	5699
2752	5700
2753	5701
2754	5702
2755	5704
2756	5705
2757	5706
2758	5707
2759	5708
2760	5709
2761	5710
2762	5713
2763	5715
2764	5716
2765	5717
2766	5718
2767	5719
2768	5720
2769	5721
2770	5724
2771	5725
2772	5727
2773	5728
2774	5729
2775	5730
2776	5731
2777	5732
2778	5733
2779	5734
2780	5738
2781	5739
2782	5740
2783	5741
2784	5742
2785	5743
2786	5744
2787	5745
2788	5746
2789	5747
2790	5753
2791	5754
2792	5756
2793	5757
2794	5763
2795	5764
2796	5770
2797	5771
2798	5774
2799	5775
2800	5777
2801	5778
2802	5780
2803	5781
2804	5782
2805	5783
2806	5784
2807	5786
2808	5787
2809	5788
2810	5789
2811	5790
2812	5791
2813	5792
2814	5793
2815	5795
2816	5796
2817	5797
2818	5798
2819	5800
2820	5801
2821	5802
2822	5803
2823	5805
2824	5806
2825	5810
2826	5813
2827	5817
2828	5818
2829	5819
2830	5824
2831	5825
2832	5827
2833	5829
2834	5830
2835	5831
2836	5834
2837	5836
2838	5837
2839	5859
2840	5860
2841	5861
2842	5862
2843	5863
2844	5864
2845	5865
2846	5867
2847	5868
2848	5869
2849	5870
2850	5871
2851	5872
2852	5873
2853	5874
2854	5875
2855	5876
2856	5877
2857	5878
2858	5879
2859	5880
2860	5881
2861	5883
2862	5884
2863	5885
2864	5886
2865	5887
2866	5888
2867	5889
2868	5890
2869	5891
2870	5893
2871	5894
2872	5896
2873	5897
2874	5898
2875	5899
2876	5900
2877	5901
2878	5903
2879	5905
2880	5906
2881	5908
2882	5909
2883	5910
2884	5911
2885	5913
2886	5914
2887	5915
2888	5916
2889	5917
2890	5919
2891	5920
2892	5921
2893	5923
2894	5924
2895	5925
2896	5926
2897	5927
2898	5928
2899	5929
2900	5930
2901	5931
2902	5932
2903	5933
2904	5934
2905	5935
2906	5936
2907	5937
2908	5947
2909	5949
2910	5950
2911	5959
2912	5962
2913	5965
2914	5966
2915	5970
2916	5971
2917	5972
2918	5976
2919	5978
2920	5979
2921	5980
2922	5981
2923	5986
2924	5987
2925	5989
2926	5990
2927	5992
2928	5993
2929	5994
2930	5995
2931	5997
2932	5998
2933	5999
2934	6000
2935	6001
2936	6002
2937	6003
2938	6004
2939	6005
2940	6009
2941	6010
2942	6011
2943	6013
2944	6014
2945	6015
2946	6016
2947	6017
2948	6018
2949	6019
2950	6035
2951	6036
2952	6041
2953	6045
2954	6046
2955	6047
2956	6048
2957	6049
2958	6050
2959	6059
2960	6091
2961	6092
2962	6093
2963	6095
2964	6097
2965	6098
2966	6100
2967	6101
2968	6102
2969	6103
2970	6117
2971	6118
2972	6121
2973	6122
2974	6124
2975	6125
2976	6128
2977	6129
2978	6132
2979	6134
2980	6135
2981	6142
2982	6152
2983	6154
2984	6157
2985	6171
2986	6181
2987	6184
2988	6187
2989	6188
2990	6189
2991	6193
2992	6194
2993	6195
2994	6196
2995	6197
2996	6198
2997	6199
2998	6203
2999	6206
3000	6209
3001	6223
3002	6224
3003	6232
3004	6233
3005	6236
3006	6237
3007	6238
3008	6239
3009	6241
3010	6242
3011	6248
3012	6249
3013	6251
3014	6252
3015	6256
3016	6257
3017	6258
3018	6259
3019	6261
3020	6262
3021	6263
3022	6271
3023	6272
3024	6273
3025	6275
3026	6277
3027	6278
3028	6279
3029	6280
3030	6281
3031	6282
3032	6284
3033	6285
3034	6286
3035	6288
3036	6293
3037	6294
3038	6295
3039	6297
3040	6299
3041	6300
3042	6303
3043	6304
3044	6305
3045	6310
3046	6311
3047	6314
3048	6317
3049	6318
3050	6319
3051	6320
3052	6323
3053	6326
3054	6328
3055	6329
3056	6330
3057	6331
3058	6334
3059	6335
3060	6336
3061	6337
3062	6338
3063	6339
3064	6340
3065	6341
3066	6342
3067	6343
3068	6344
3069	6346
3070	6347
3071	6348
3072	6349
3073	6351
3074	6352
3075	6354
3076	6355
3077	6356
3078	6357
3079	6358
3080	6359
3081	6360
3082	6361
3083	6362
3084	6363
3085	6364
3086	6366
3087	6367
3088	6368
3089	6369
3090	6370
3091	6372
3092	6373
3093	6374
3094	6375
3095	6376
3096	6382
3097	6383
3098	6385
3099	6386
3100	6387
3101	6389
3102	6390
3103	6396
3104	6397
3105	6398
3106	6399
3107	6400
3108	6401
3109	6402
3110	6403
3111	6404
3112	6405
3113	6407
3114	6416
3115	6418
3116	6419
3117	6421
3118	6422
3119	6423
3120	6426
3121	6427
3122	6428
3123	6432
3124	6434
3125	6440
3126	6441
3127	6442
3128	6443
3129	6445
3130	6446
3131	6447
3132	6449
3133	6451
3134	6452
3135	6453
3136	6455
3137	6456
3138	6457
3139	6461
3140	6464
3141	6469
3142	6473
3143	6476
3144	6477
3145	6478
3146	6484
3147	6491
3148	6493
3149	6494
3150	6495
3151	6496
3152	6497
3153	6498
3154	6499
3155	6500
3156	6502
3157	6503
3158	6504
3159	6505
3160	6506
3161	6508
3162	6511
3163	6513
3164	6514
3165	6517
3166	6519
3167	6520
3168	6521
3169	6522
3170	6523
3171	6525
3172	6528
3173	6529
3174	6530
3175	6531
3176	6532
3177	6536
3178	6539
3179	6541
3180	6542
3181	6546
3182	6548
3183	6549
3184	6550
3185	6553
3186	6554
3187	6556
3188	6557
3189	6558
3190	6559
3191	6569
3192	6571
3193	6576
3194	6580
3195	6584
3196	6585
3197	6588
3198	6590
3199	6591
3200	6594
3201	6595
3202	6596
3203	6597
3204	6598
3205	6599
3206	6601
3207	6604
3208	6605
3209	6606
3210	6607
3211	6608
3212	6609
3213	6611
3214	6612
3215	6613
3216	6614
3217	6615
3218	6616
3219	6617
3220	6618
3221	6619
3222	6620
3223	6621
3224	6622
3225	6623
3226	6624
3227	6625
3228	6626
3229	6627
3230	6628
3231	6640
3232	6641
3233	6642
3234	6643
3235	6645
3236	6647
3237	6648
3238	6649
3239	6651
3240	6653
3241	6654
3242	6655
3243	6656
3244	6657
3245	6658
3246	6659
3247	6660
3248	6662
3249	6663
3250	6667
3251	6668
3252	6670
3253	6671
3254	6672
3255	6674
3256	6676
3257	6678
3258	6683
3259	6688
3260	6689
3261	6690
3262	6692
3263	6693
3264	6696
3265	6698
3266	6708
3267	6709
3268	6710
3269	6711
3270	6712
3271	6713
3272	6714
3273	6717
3274	6720
3275	6721
3276	6722
3277	6723
3278	6725
3279	6726
3280	6727
3281	6729
3282	6732
3283	6733
3284	6734
3285	6736
3286	6737
3287	6738
3288	6741
3289	6742
3290	6746
3291	6747
3292	6748
3293	6749
3294	6750
3295	6751
3296	6752
3297	6753
3298	6754
3299	6755
3300	6760
3301	6767
3302	6768
3303	6769
3304	6770
3305	6772
3306	6773
3307	6774
3308	6775
3309	6776
3310	6777
3311	6778
3312	6779
3313	6780
3314	6782
3315	6786
3316	6788
3317	6789
3318	6790
3319	6792
3320	6793
3321	6794
3322	6795
3323	6804
3324	6809
3325	6810
3326	6811
3327	6812
3328	6813
3329	6815
3330	6818
3331	6822
3332	6827
3333	6829
3334	6832
3335	6833
3336	6836
3337	6839
3338	6840
3339	6843
3340	6844
3341	6845
3342	6850
3343	6853
3344	6854
3345	6855
3346	6856
3347	6857
3348	6860
3349	6861
3350	6863
3351	6865
3352	6867
3353	6868
3354	6872
3355	6873
3356	6874
3357	6875
3358	6876
3359	6877
3360	6878
3361	6879
3362	6881
3363	6884
3364	6885
3365	6886
3366	6887
3367	6890
3368	6891
3369	6892
3370	6895
3371	6897
3372	6898
3373	6899
3374	6900
3375	6904
3376	6907
3377	6908
3378	6909
3379	6910
3380	6915
3381	6916
3382	6917
3383	6919
3384	6921
3385	6923
3386	6924
3387	6925
3388	6926
3389	6927
3390	6928
3391	6929
3392	6932
3393	6934
3394	6935
3395	6938
3396	6941
3397	6942
3398	6943
3399	6944
3400	6945
3401	6949
3402	6950
3403	6954
3404	6990
3405	6991
3406	6993
3407	6996
3408	6997
3409	7001
3410	7003
3411	7004
3412	7005
3413	7006
3414	7008
3415	7010
3416	7011
3417	7013
3418	7014
3419	7015
3420	7016
3421	7018
3422	7019
3423	7020
3424	7021
3425	7022
3426	7023
3427	7024
3428	7025
3429	7026
3430	7027
3431	7029
3432	7030
3433	7031
3434	7033
3435	7035
3436	7036
3437	7037
3438	7038
3439	7039
3440	7040
3441	7041
3442	7042
3443	7043
3444	7044
3445	7045
3446	7046
3447	7048
3448	7049
3449	7050
3450	7051
3451	7052
3452	7053
3453	7054
3454	7056
3455	7057
3456	7058
3457	7059
3458	7064
3459	7066
3460	7067
3461	7068
3462	7070
3463	7071
3464	7072
3465	7073
3466	7074
3467	7075
3468	7076
3469	7077
3470	7078
3471	7079
3472	7080
3473	7082
3474	7083
3475	7086
3476	7088
3477	7089
3478	7091
3479	7094
3480	7095
3481	7096
3482	7097
3483	7098
3484	7099
3485	7100
3486	7101
3487	7105
3488	7110
3489	7111
3490	7112
3491	7113
3492	7114
3493	7123
3494	7124
3495	7126
3496	7128
3497	7130
3498	7132
3499	7133
3500	7134
3501	7135
3502	7136
3503	7137
3504	7138
3505	7139
3506	7140
3507	7141
3508	7142
3509	7143
3510	7150
3511	7153
3512	7155
3513	7156
3514	7157
3515	7158
3516	7159
3517	7161
3518	7162
3519	7163
3520	7164
3521	7166
3522	7167
3523	7168
3524	7169
3525	7170
3526	7171
3527	7175
3528	7178
3529	7181
3530	7182
3531	7184
3532	7185
3533	7186
3534	7187
3535	7188
3536	7189
3537	7200
3538	7201
3539	7203
3540	7204
3541	7205
3542	7220
3543	7222
3544	7223
3545	7224
3546	7225
3547	7226
3548	7247
3549	7248
3550	7249
3551	7251
3552	7252
3553	7253
3554	7257
3555	7258
3556	7263
3557	7265
3558	7266
3559	7267
3560	7270
3561	7272
3562	7273
3563	7275
3564	7276
3565	7277
3566	7278
3567	7280
3568	7283
3569	7284
3570	7286
3571	7290
3572	7291
3573	7292
3574	7293
3575	7294
3576	7295
3577	7296
3578	7297
3579	7298
3580	7299
3581	7301
3582	7305
3583	7306
3584	7307
3585	7314
3586	7316
3587	7317
3588	7318
3589	7319
3590	7320
3591	7321
3592	7322
3593	7323
3594	7324
3595	7326
3596	7327
3597	7328
3598	7329
3599	7332
3600	7334
3601	7335
3602	7336
3603	7337
3604	7341
3605	7342
3606	7343
3607	7345
3608	7347
3609	7348
3610	7349
3611	7350
3612	7353
3613	7356
3614	7364
3615	7369
3616	7373
3617	7374
3618	7375
3619	7376
3620	7385
3621	7391
3622	7392
3623	7398
3624	7399
3625	7401
3626	7402
3627	7403
3628	7405
3629	7407
3630	7408
3631	7409
3632	7410
3633	7412
3634	7414
3635	7415
3636	7416
3637	7417
3638	7421
3639	7422
3640	7423
3641	7424
3642	7428
3643	7429
3644	7430
3645	7431
3646	7432
3647	7433
3648	7434
3649	7436
3650	7439
3651	7441
3652	7442
3653	7443
3654	7444
3655	7447
3656	7448
3657	7450
3658	7453
3659	7454
3660	7456
3661	7462
3662	7465
3663	7466
3664	7468
3665	7471
3666	7472
3667	7473
3668	7474
3669	7475
3670	7476
3671	7477
3672	7478
3673	7479
3674	7480
3675	7481
3676	7482
3677	7483
3678	7484
3679	7486
3680	7490
3681	7494
3682	7498
3683	7504
3684	7507
3685	7508
3686	7514
3687	7515
3688	7517
3689	7518
3690	7520
3691	7525
3692	7528
3693	7529
3694	7531
3695	7532
3696	7533
3697	7534
3698	7535
3699	7536
3700	7538
3701	7541
3702	7542
3703	7545
3704	7546
3705	7547
3706	7553
3707	7555
3708	7572
3709	7589
3710	7593
3711	7625
3712	7629
3713	7702
3714	7703
3715	7704
3716	7705
3717	7706
3718	7707
3719	7709
3720	7716
3721	7726
3722	7732
3723	7750
3724	7752
3725	7753
3726	7757
3727	7767
3728	7783
3729	7784
3730	7786
3731	7791
3732	7799
3733	7803
3734	7804
3735	7805
3736	7813
3737	7818
3738	7832
3739	7841
3740	7846
3741	7849
3742	7850
3743	7851
3744	7852
3745	7855
3746	7857
3747	7862
3748	7867
3749	7874
3750	7879
3751	7881
3752	7884
3753	7903
3754	7905
3755	7913
3756	7915
3757	7917
3758	7919
3759	7922
3760	7936
3761	7942
3762	7957
3763	7965
3764	7975
3765	7976
3766	7979
3767	7994
3768	8013
3769	8021
3770	8022
3771	8027
3772	8028
3773	8029
3774	8030
3775	8031
3776	8036
3777	8038
3778	8045
3779	8048
3780	8050
3781	8061
3782	8065
3783	8073
3784	8074
3785	8076
3786	8078
3787	8082
3788	8085
3789	8086
3790	8087
3791	8089
3792	8091
3793	8092
3794	8099
3795	8100
3796	8106
3797	8115
3798	8125
3799	8128
3800	8139
3801	8148
3802	8153
3803	8161
3804	8165
3805	8170
3806	8174
3807	8175
3808	8178
3809	8187
3810	8189
3811	8190
3812	8192
3813	8200
3814	8202
3815	8204
3816	8208
3817	8218
3818	8224
3819	8237
3820	8239
3821	8242
3822	8243
3823	8260
3824	8263
3825	8266
3826	8284
3827	8287
3828	8288
3829	8289
3830	8290
3831	8291
3832	8292
3833	8294
3834	8295
3835	8301
3836	8302
3837	8312
3838	8313
3839	8314
3840	8315
3841	8317
3842	8318
3843	8321
3844	8322
3845	8323
3846	8324
3847	8325
3848	8326
3849	8328
3850	8329
3851	8330
3852	8332
3853	8335
3854	8336
3855	8337
3856	8338
3857	8339
3858	8340
3859	8341
3860	8342
3861	8343
3862	8344
3863	8345
3864	8346
3865	8347
3866	8348
3867	8349
3868	8350
3869	8351
3870	8352
3871	8353
3872	8354
3873	8355
3874	8356
3875	8357
3876	8358
3877	8359
3878	8360
3879	8361
3880	8362
3881	8363
3882	8364
3883	8365
3884	8366
3885	8367
3886	8368
3887	8370
3888	8379
3889	8382
3890	8390
3891	8394
3892	8395
3893	8396
3894	8398
3895	8399
3896	8405
3897	8407
3898	8408
3899	8409
3900	8411
3901	8417
3902	8419
3903	8425
3904	8428
3905	8431
3906	8433
3907	8434
3908	8436
3909	8438
3910	8439
3911	8440
3912	8443
3913	8444
3914	8445
3915	8446
3916	8447
3917	8448
3918	8449
3919	8450
3920	8451
3921	8452
3922	8453
3923	8454
3924	8455
3925	8458
3926	8460
3927	8462
3928	8463
3929	8467
3930	8470
3931	8471
3932	8473
3933	8476
3934	8480
3935	8481
3936	8482
3937	8484
3938	8487
3939	8491
3940	8493
3941	8496
3942	8498
3943	8500
3944	8502
3945	8503
3946	8504
3947	8506
3948	8507
3949	8508
3950	8513
3951	8514
3952	8515
3953	8516
3954	8517
3955	8518
3956	8520
3957	8521
3958	8522
3959	8525
3960	8527
3961	8528
3962	8530
3963	8531
3964	8533
3965	8535
3966	8536
3967	8538
3968	8539
3969	8540
3970	8542
3971	8543
3972	8544
3973	8545
3974	8546
3975	8549
3976	8550
3977	8553
3978	8554
3979	8555
3980	8556
3981	8557
3982	8558
3983	8559
3984	8563
3985	8565
3986	8567
3987	8568
3988	8569
3989	8570
3990	8572
3991	8573
3992	8574
3993	8575
3994	8576
3995	8578
3996	8600
3997	8601
3998	8602
3999	8607
4000	8609
4001	8614
4002	8615
4003	8620
4004	8621
4005	8624
4006	8626
4007	8631
4008	8633
4009	8636
4010	8637
4011	8638
4012	8639
4013	8641
4014	8642
4015	8643
4016	8646
4017	8648
4018	8649
4019	8650
4020	8651
4021	8654
4022	8655
4023	8658
4024	8660
4025	8662
4026	8665
4027	8666
4028	8668
4029	8669
4030	8671
4031	8672
4032	8673
4033	8674
4034	8675
4035	8678
4036	8682
4037	8683
4038	8685
4039	8689
4040	8692
4041	8693
4042	8697
4043	8714
4044	8717
4045	8718
4046	8720
4047	8721
4048	8722
4049	8723
4050	8724
4051	8725
4052	8726
4053	8727
4054	8728
4055	8729
4056	8731
4057	8732
4058	8733
4059	8736
4060	8737
4061	8738
4062	8739
4063	8740
4064	8741
4065	8742
4066	8743
4067	8744
4068	8745
4069	8751
4070	8754
4071	8763
4072	8764
4073	8766
4074	8767
4075	8771
4076	8772
4077	8773
4078	8774
4079	8775
4080	8777
4081	8778
4082	8780
4083	8784
4084	8786
4085	8788
4086	8792
4087	8793
4088	8794
4089	8795
4090	8796
4091	8797
4092	8800
4093	8803
4094	8804
4095	8805
4096	8807
4097	8809
4098	8811
4099	8812
4100	8813
4101	8815
4102	8817
4103	8819
4104	8820
4105	8822
4106	8823
4107	8825
4108	8826
4109	8828
4110	8829
4111	8831
4112	8833
4113	8834
4114	8835
4115	8837
4116	8839
4117	8841
4118	8842
4119	8844
4120	8848
4121	8850
4122	8851
4123	8854
4124	8856
4125	8858
4126	8861
4127	8862
4128	8863
4129	8864
4130	8867
4131	8870
4132	8871
4133	8872
4134	8874
4135	8875
4136	8877
4137	8878
4138	8879
4139	8880
4140	8881
4141	8883
4142	8884
4143	8887
4144	8890
4145	8891
4146	8892
4147	8893
4148	8894
4149	8896
4150	8897
4151	8898
4152	8899
4153	8900
4154	8905
4155	8906
4156	8907
4157	8908
4158	8911
4159	8912
4160	8914
4161	8915
4162	8924
4163	8925
4164	8928
4165	8929
4166	8930
4167	8932
4168	8936
4169	8938
4170	8939
4171	8943
4172	8945
4173	8968
4174	8969
4175	8970
4176	8974
4177	8975
4178	8976
4179	8985
4180	8986
4181	8987
4182	8989
4183	8991
4184	8993
4185	8994
4186	8995
4187	8996
4188	8997
4189	9001
4190	9002
4191	9013
4192	9014
4193	9015
4194	9019
4195	9020
4196	9021
4197	9024
4198	9025
4199	9031
4200	9033
4201	9034
4202	9037
4203	9039
4204	9040
4205	9043
4206	9046
4207	9047
4208	9048
4209	9049
4210	9051
4211	9052
4212	9053
4213	9054
4214	9055
4215	9056
4216	9063
4217	9064
4218	9068
4219	9070
4220	9077
4221	9079
4222	9083
4223	9088
4224	9092
4225	9093
4226	9094
4227	9095
4228	9097
4229	9098
4230	9099
4231	9100
4232	9101
4233	9103
4234	9110
4235	9111
4236	9112
4237	9113
4238	9118
4239	9124
4240	9125
4241	9126
4242	9127
4243	9128
4244	9129
4245	9131
4246	9132
4247	9134
4248	9135
4249	9138
4250	9140
4251	9141
4252	9146
4253	9147
4254	9149
4255	9150
4256	9156
4257	9158
4258	9159
4259	9166
4260	9168
4261	9169
4262	9170
4263	9172
4264	9173
4265	9175
4266	9177
4267	9179
4268	9180
4269	9181
4270	9182
4271	9183
4272	9184
4273	9185
4274	9187
4275	9188
4276	9189
4277	9191
4278	9208
4279	9209
4280	9210
4281	9212
4282	9217
4283	9218
4284	9221
4285	9223
4286	9229
4287	9231
4288	9232
4289	9235
4290	9236
4291	9241
4292	9242
4293	9244
4294	9246
4295	9252
4296	9253
4297	9255
4298	9256
4299	9258
4300	9260
4301	9261
4302	9262
4303	9263
4304	9265
4305	9266
4306	9267
4307	9270
4308	9276
4309	9282
4310	9283
4311	9289
4312	9294
4313	9295
4314	9306
4315	9308
4316	9311
4317	9313
4318	9314
4319	9315
4320	9318
4321	9319
4322	9320
4323	9321
4324	9322
4325	9325
4326	9326
4327	9329
4328	9332
4329	9337
4330	9338
4331	9340
4332	9341
4333	9342
4334	9344
4335	9351
4336	9353
4337	9354
4338	9355
4339	9360
4340	9362
4341	9365
4342	9367
4343	9368
4344	9369
4345	9370
4346	9371
4347	9372
4348	9373
4349	9376
4350	9378
4351	9379
4352	9381
4353	9392
4354	9400
4355	9401
4356	9402
4357	9404
4358	9407
4359	9411
4360	9412
4361	9414
4362	9421
4363	9423
4364	9425
4365	9429
4366	9439
4367	9443
4368	9445
4369	9447
4370	9448
4371	9450
4372	9451
4373	9453
4374	9454
4375	9455
4376	9456
4377	9457
4378	9459
4379	9463
4380	9464
4381	9465
4382	9466
4383	9467
4384	9470
4385	9472
4386	9474
4387	9475
4388	9478
4389	9479
4390	9482
4391	9493
4392	9495
4393	9497
4394	9498
4395	9499
4396	9500
4397	9501
4398	9506
4399	9507
4400	9510
4401	9512
4402	9513
4403	9514
4404	9516
4405	9517
4406	9518
4407	9519
4408	9521
4409	9522
4410	9525
4411	9527
4412	9530
4413	9531
4414	9532
4415	9533
4416	9540
4417	9541
4418	9542
4419	9545
4420	9546
4421	9547
4422	9554
4423	9555
4424	9557
4425	9559
4426	9562
4427	9564
4428	9567
4429	9568
4430	9570
4431	9572
4432	9575
4433	9576
4434	9577
4435	9578
4436	9584
4437	9585
4438	9587
4439	9588
4440	9589
4441	9590
4442	9595
4443	9600
4444	9601
4445	9603
4446	9610
4447	9611
4448	9612
4449	9615
4450	9616
4451	9618
4452	9619
4453	9622
4454	9623
4455	9625
4456	9627
4457	9628
4458	9630
4459	9631
4460	9636
4461	9638
4462	9639
4463	9641
4464	9643
4465	9644
4466	9645
4467	9646
4468	9647
4469	9648
4470	9649
4471	9652
4472	9655
4473	9656
4474	9658
4475	9659
4476	9666
4477	9670
4478	9672
4479	9675
4480	9682
4481	9683
4482	9685
4483	9686
4484	9688
4485	9693
4486	9695
4487	9696
4488	9698
4489	9699
4490	9700
4491	9702
4492	9706
4493	9709
4494	9711
4495	9712
4496	9723
4497	9727
4498	9730
4499	9733
4500	9734
4501	9735
4502	9737
4503	9738
4504	9739
4505	9743
4506	9744
4507	9747
4508	9748
4509	9750
4510	9751
4511	9755
4512	9757
4513	9759
4514	9765
4515	9768
4516	9770
4517	9771
4518	9774
4519	9775
4520	9776
4521	9777
4522	9779
4523	9782
4524	9784
4525	9785
4526	9787
4527	9788
4528	9790
4529	9791
4530	9794
4531	9796
4532	9798
4533	9802
4534	9804
4535	9810
4536	9815
4537	9816
4538	9817
4539	9820
4540	9821
4541	9826
4542	9827
4543	9830
4544	9833
4545	9839
4546	9841
4547	9844
4548	9846
4549	9847
4550	9858
4551	9863
4552	9865
4553	9867
4554	9868
4555	9869
4556	9871
4557	9874
4558	9875
4559	9882
4560	9886
4561	9891
4562	9892
4563	9894
4564	9896
4565	9897
4566	9898
4567	9899
4568	9900
4569	9901
4570	9911
4571	9915
4572	9918
4573	9919
4574	9921
4575	9922
4576	9924
4577	9927
4578	9929
4579	9935
4580	9936
4581	9937
4582	9939
4583	9943
4584	9945
4585	9948
4586	9950
4587	9958
4588	9960
4589	9961
4590	9965
4591	9966
4592	9967
4593	9968
4594	9969
4595	9970
4596	9971
4597	9972
4598	9973
4599	9975
4600	9978
4601	9982
4602	9984
4603	9985
4604	9989
4605	9990
4606	9992
4607	9994
4608	10000
4609	10001
4610	10002
4611	10005
4612	10006
4613	10008
4614	10009
4615	10010
4616	10011
4617	10013
4618	10014
4619	10015
4620	10016
4621	10017
4622	10018
4623	10019
4624	10021
4625	10022
4626	10023
4627	10024
4628	10026
4629	10036
4630	10038
4631	10040
4632	10043
4633	10045
4634	10048
4635	10049
4636	10052
4637	10053
4638	10054
4639	10056
4640	10058
4641	10059
4642	10060
4643	10061
4644	10062
4645	10063
4646	10066
4647	10067
4648	10068
4649	10073
4650	10075
4651	10076
4652	10083
4653	10084
4654	10087
4655	10092
4656	10095
4657	10096
4658	10097
4659	10103
4660	10105
4661	10106
4662	10110
4663	10111
4664	10112
4665	10113
4666	10114
4667	10116
4668	10121
4669	10124
4670	10125
4671	10128
4672	10130
4673	10131
4674	10133
4675	10134
4676	10138
4677	10139
4678	10140
4679	10142
4680	10146
4681	10148
4682	10150
4683	10152
4684	10153
4685	10154
4686	10155
4687	10156
4688	10158
4689	10159
4690	10161
4691	10163
4692	10164
4693	10171
4694	10174
4695	10178
4696	10179
4697	10188
4698	10189
4699	10193
4700	10196
4701	10197
4702	10199
4703	10203
4704	10204
4705	10209
4706	10210
4707	10211
4708	10213
4709	10215
4710	10217
4711	10220
4712	10221
4713	10225
4714	10226
4715	10228
4716	10231
4717	10232
4718	10233
4719	10236
4720	10238
4721	10239
4722	10240
4723	10241
4724	10242
4725	10243
4726	10244
4727	10248
4728	10251
4729	10252
4730	10253
4731	10254
4732	10256
4733	10257
4734	10260
4735	10262
4736	10263
4737	10266
4738	10267
4739	10268
4740	10270
4741	10272
4742	10273
4743	10276
4744	10277
4745	10278
4746	10282
4747	10284
4748	10285
4749	10286
4750	10287
4751	10291
4752	10293
4753	10294
4754	10295
4755	10297
4756	10298
4757	10299
4758	10300
4759	10309
4760	10313
4761	10314
4762	10316
4763	10318
4764	10320
4765	10321
4766	10325
4767	10326
4768	10328
4769	10332
4770	10333
4771	10335
4772	10342
4773	10344
4774	10345
4775	10346
4776	10360
4777	10362
4778	10363
4779	10365
4780	10367
4781	10369
4782	10370
4783	10371
4784	10376
4785	10379
4786	10381
4787	10382
4788	10383
4789	10389
4790	10392
4791	10393
4792	10395
4793	10396
4794	10397
4795	10398
4796	10399
4797	10401
4798	10403
4799	10410
4800	10411
4801	10412
4802	10413
4803	10419
4804	10420
4805	10421
4806	10423
4807	10425
4808	10426
4809	10432
4810	10436
4811	10438
4812	10440
4813	10445
4814	10446
4815	10449
4816	10450
4817	10451
4818	10452
4819	10454
4820	10456
4821	10458
4822	10459
4823	10460
4824	10461
4825	10463
4826	10464
4827	10465
4828	10466
4829	10467
4830	10468
4831	10469
4832	10475
4833	10477
4834	10478
4835	10482
4836	10484
4837	10486
4838	10488
4839	10490
4840	10492
4841	10494
4842	10495
4843	10497
4844	10498
4845	10499
4846	10505
4847	10507
4848	10509
4849	10512
4850	10513
4851	10514
4852	10516
4853	10519
4854	10521
4855	10523
4856	10524
4857	10525
4858	10528
4859	10533
4860	10537
4861	10538
4862	10540
4863	10541
4864	10542
4865	10544
4866	10549
4867	10550
4868	10552
4869	10553
4870	10558
4871	10562
4872	10563
4873	10564
4874	10565
4875	10566
4876	10567
4877	10569
4878	10572
4879	10575
4880	10576
4881	10579
4882	10580
4883	10585
4884	10589
4885	10592
4886	10594
4887	10595
4888	10598
4889	10600
4890	10602
4891	10603
4892	10606
4893	10608
4894	10611
4895	10612
4896	10613
4897	10614
4898	10615
4899	10616
4900	10617
4901	10618
4902	10620
4903	10621
4904	10622
4905	10623
4906	10625
4907	10627
4908	10628
4909	10630
4910	10635
4911	10636
4912	10637
4913	10640
4914	10642
4915	10645
4916	10647
4917	10648
4918	10651
4919	10652
4920	10653
4921	10656
4922	10657
4923	10658
4924	10660
4925	10661
4926	10663
4927	10664
4928	10666
4929	10667
4930	10670
4931	10671
4932	10672
4933	10673
4934	10675
4935	10677
4936	10678
4937	10681
4938	10682
4939	10683
4940	10691
4941	10695
4942	10714
4943	10716
4944	10718
4945	10721
4946	10725
4947	10726
4948	10728
4949	10730
4950	10732
4951	10733
4952	10735
4953	10741
4954	10743
4955	10744
4956	10746
4957	10749
4958	10750
4959	10755
4960	10758
4961	10762
4962	10763
4963	10765
4964	10768
4965	10769
4966	10771
4967	10772
4968	10775
4969	10776
4970	10782
4971	10783
4972	10787
4973	10788
4974	10800
4975	10801
4976	10803
4977	10804
4978	10806
4979	10808
4980	10809
4981	10810
4982	10811
4983	10813
4984	10814
4985	10817
4986	10818
4987	10825
4988	10844
4989	10845
4990	10847
4991	10848
4992	10849
4993	10850
4994	10855
4995	10856
4996	10859
4997	10863
4998	10868
4999	10869
5000	10870
5001	10874
5002	10877
5003	10886
5004	10887
5005	10891
5006	10892
5007	10893
5008	10897
5009	10899
5010	10906
5011	10910
5012	10911
5013	10912
5014	10913
5015	10914
5016	10915
5017	10916
5018	10919
5019	10920
5020	10921
5021	10923
5022	10924
5023	10926
5024	10928
5025	10933
5026	10935
5027	10936
5028	10938
5029	10940
5030	10942
5031	10945
5032	10946
5033	10949
5034	10950
5035	10951
5036	10952
5037	10953
5038	10954
5039	10956
5040	10957
5041	10959
5042	10960
5043	10961
5044	10963
5045	10969
5046	10970
5047	10971
5048	10972
5049	10973
5050	10978
5051	10979
5052	10980
5053	10981
5054	10982
5055	10985
5056	10987
5057	10988
5058	10989
5059	10992
5060	10999
5061	11001
5062	11004
5063	11005
5064	11006
5065	11007
5066	11009
5067	11011
5068	11016
5069	11018
5070	11033
5071	11034
5072	11035
5073	11036
5074	11037
5075	11040
5076	11043
5077	11047
5078	11051
5079	11052
5080	11054
5081	11055
5082	11059
5083	11060
5084	11061
5085	11064
5086	11065
5087	11069
5088	11072
5089	11073
5090	11075
5091	11076
5092	11077
5093	11078
5094	11080
5095	11082
5096	11091
5097	11093
5098	11096
5099	11097
5100	11098
5101	11099
5102	11100
5103	11101
5104	11102
5105	11103
5106	11104
5107	11113
5108	11116
5109	11117
5110	11122
5111	11123
5112	11124
5113	11127
5114	11128
5115	11130
5116	11136
5117	11140
5118	11141
5119	11143
5120	11144
5121	11146
5122	11151
5123	11155
5124	11156
5125	11160
5126	11165
5127	11167
5128	11168
5129	11169
5130	11170
5131	11171
5132	11176
5133	11177
5134	11180
5135	11183
5136	11184
5137	11186
5138	11188
5139	11190
5140	11193
5141	11196
5142	11197
5143	11198
5144	11200
5145	11201
5146	11211
5147	11213
5148	11214
5149	11215
5150	11217
5151	11218
5152	11219
5153	11221
5154	11226
5155	11231
5156	11232
5157	11234
5158	11235
5159	11236
5160	11237
5161	11243
5162	11244
5163	11247
5164	11251
5165	11252
5166	11255
5167	11260
5168	11261
5169	11262
5170	11266
5171	11267
5172	11269
5173	11273
5174	11275
5175	11276
5176	11277
5177	11278
5178	11279
5179	11280
5180	11284
5181	11311
5182	11315
5183	11318
5184	11319
5185	11321
5186	11325
5187	11326
5188	11329
5189	11330
5190	11331
5191	11335
5192	11337
5193	11338
5194	11339
5195	11340
5196	11342
5197	11345
5198	22794
5199	22796
5200	22797
5201	22800
5202	22801
5203	22803
5204	22806
5205	22808
5206	22809
5207	22821
5208	22822
5209	22823
5210	22826
5211	22827
5212	22834
5213	22839
5214	22841
5215	22848
5216	22853
5217	22854
5218	22858
5219	22859
5220	22861
5221	22863
5222	22866
5223	22871
5224	22872
5225	22873
5226	22880
5227	22881
5228	22882
5229	22885
5230	22889
5231	22894
5232	22895
5233	22897
5234	22898
5235	22900
5236	22906
5237	22907
5238	22909
5239	22914
5240	22915
5241	22918
5242	22919
5243	22920
5244	22924
5245	22925
5246	22926
5247	22927
5248	22930
5249	22933
5250	22937
5251	22938
5252	22941
5253	22943
5254	22948
5255	22950
5256	22953
5257	22954
5258	22955
5259	22974
5260	22976
5261	22981
5262	22983
5263	22985
5264	22986
5265	22992
5266	22995
5267	22999
5268	23001
5269	23002
5270	23012
5271	23013
5272	23017
5273	23019
5274	23020
5275	23022
5276	23028
5277	23029
5278	23030
5279	23031
5280	23032
5281	23035
5282	23037
5283	23041
5284	23043
5285	23046
5286	23048
5287	23049
5288	23051
5289	23054
5290	23059
5291	23062
5292	23063
5293	23066
5294	23067
5295	23071
5296	23072
5297	23077
5298	23081
5299	23082
5300	23085
5301	23086
5302	23087
5303	23089
5304	23090
5305	23095
5306	23097
5307	23098
5308	23099
5309	23107
5310	23108
5311	23109
5312	23111
5313	23112
5314	23113
5315	23114
5316	23118
5317	23119
5318	23122
5319	23129
5320	23132
5321	23133
5322	23135
5323	23136
5324	23137
5325	23139
5326	23141
5327	23150
5328	23152
5329	23154
5330	23157
5331	23161
5332	23162
5333	23163
5334	23164
5335	23166
5336	23168
5337	23172
5338	23175
5339	23176
5340	23178
5341	23184
5342	23185
5343	23186
5344	23189
5345	23191
5346	23192
5347	23193
5348	23197
5349	23198
5350	23203
5351	23207
5352	23208
5353	23209
5354	23210
5355	23212
5356	23216
5357	23220
5358	23221
5359	23223
5360	23224
5361	23225
5362	23229
5363	23233
5364	23234
5365	23235
5366	23236
5367	23239
5368	23241
5369	23243
5370	23244
5371	23246
5372	23254
5373	23255
5374	23256
5375	23264
5376	23265
5377	23268
5378	23269
5379	23271
5380	23274
5381	23279
5382	23281
5383	23284
5384	23286
5385	23287
5386	23291
5387	23293
5388	23295
5389	23300
5390	23301
5391	23303
5392	23304
5393	23305
5394	23307
5395	23308
5396	23309
5397	23312
5398	23314
5399	23316
5400	23318
5401	23321
5402	23322
5403	23326
5404	23327
5405	23328
5406	23332
5407	23335
5408	23339
5409	23345
5410	23352
5411	23353
5412	23357
5413	23358
5414	23363
5415	23365
5416	23368
5417	23369
5418	23370
5419	23371
5420	23373
5421	23380
5422	23385
5423	23387
5424	23390
5425	23394
5426	23396
5427	23397
5428	23399
5429	23401
5430	23404
5431	23405
5432	23406
5433	23410
5434	23411
5435	23413
5436	23414
5437	23418
5438	23421
5439	23424
5440	23426
5441	23428
5442	23429
5443	23433
5444	23435
5445	23451
5446	23452
5447	23462
5448	23463
5449	23468
5450	23471
5451	23473
5452	23474
5453	23476
5454	23479
5455	23480
5456	23481
5457	23492
5458	23493
5459	23495
5460	23499
5461	23509
5462	23512
5463	23513
5464	23516
5465	23517
5466	23521
5467	23522
5468	23523
5469	23528
5470	23529
5471	23532
5472	23534
5473	23541
5474	23542
5475	23549
5476	23552
5477	23554
5478	23557
5479	23558
5480	23559
5481	23560
5482	23566
5483	23568
5484	23569
5485	23580
5486	23581
5487	23582
5488	23586
5489	23589
5490	23592
5491	23595
5492	23598
5493	23601
5494	23603
5495	23604
5496	23607
5497	23613
5498	23616
5499	23620
5500	23621
5501	23623
5502	23624
5503	23633
5504	23635
5505	23636
5506	23637
5507	23640
5508	23641
5509	23643
5510	23644
5511	23645
5512	23647
5513	23648
5514	23650
5515	23654
5516	23657
5517	23658
5518	23673
5519	23677
5520	23678
5521	23683
5522	23705
5523	23708
5524	23710
5525	23741
5526	23746
5527	23753
5528	23759
5529	23762
5530	23764
5531	23765
5532	23767
5533	23770
5534	23779
5535	23787
5536	23788
5537	24137
5538	24138
5539	24144
5540	24145
5541	24148
5542	25759
5543	25776
5544	25777
5545	25780
5546	25782
5547	25788
5548	25791
5549	25792
5550	25793
5551	25801
5552	25802
5553	25803
5554	25805
5555	25813
5556	25814
5557	25818
5558	25822
5559	25825
5560	25827
5561	25828
5562	25830
5563	25833
5564	25837
5565	25839
5566	25842
5567	25844
5568	25851
5569	25852
5570	25855
5571	25861
5572	25865
5573	25874
5574	25875
5575	25884
5576	25885
5577	25888
5578	25890
5579	25897
5580	25898
5581	25909
5582	25913
5583	25921
5584	25924
5585	25925
5586	25928
5587	25929
5588	25930
5589	25936
5590	25937
5591	25939
5592	25942
5593	25945
5594	25950
5595	25953
5596	25959
5597	25970
5598	25974
5599	25987
5600	25988
5601	25998
5602	25999
5603	26001
5604	26003
5605	26007
5606	26009
5607	26013
5608	26018
5609	26019
5610	26033
5611	26036
5612	26037
5613	26039
5614	26040
5615	26046
5616	26047
5617	26054
5618	26056
5619	26057
5620	26060
5621	26064
5622	26073
5623	26085
5624	26086
5625	26088
5626	26092
5627	26097
5628	26100
5629	26108
5630	26118
5631	26119
5632	26133
5633	26135
5634	26136
5635	26145
5636	26146
5637	26153
5638	26157
5639	26168
5640	26190
5641	26191
5642	26205
5643	26227
5644	26232
5645	26233
5646	26234
5647	26249
5648	26251
5649	26254
5650	26256
5651	26258
5652	26259
5653	26261
5654	26263
5655	26267
5656	26271
5657	26272
5658	26273
5659	26277
5660	26281
5661	26287
5662	26291
5663	26297
5664	26301
5665	26353
5666	26354
5667	26355
5668	26469
5669	26471
5670	26472
5671	26502
5672	26505
5673	26508
5674	26509
5675	26517
5676	26519
5677	26520
5678	26523
5679	26524
5680	26528
5681	26548
5682	26574
5683	26578
5684	26585
5685	26586
5686	26610
5687	26747
5688	26748
5689	26751
5690	26762
5691	26959
5692	26973
5693	26986
5694	26993
5695	26994
5696	27000
5697	27005
5698	27006
5699	27010
5700	27018
5701	27022
5702	27030
5703	27031
5704	27032
5705	27033
5706	27035
5707	27036
5708	27037
5709	27039
5710	27040
5711	27043
5712	27044
5713	27063
5714	27065
5715	27067
5716	27071
5717	27072
5718	27076
5719	27086
5720	27095
5721	27101
5722	27102
5723	27111
5724	27113
5725	27123
5726	27125
5727	27130
5728	27131
5729	27133
5730	27141
5731	27143
5732	27148
5733	27158
5734	27159
5735	27161
5736	27165
5737	27173
5738	27178
5739	27180
5740	27183
5741	27185
5742	27190
5743	27202
5744	27229
5745	27231
5746	27232
5747	27236
5748	27238
5749	27240
5750	27241
5751	27242
5752	27244
5753	27247
5754	27248
5755	27249
5756	27250
5757	27252
5758	27254
5759	27255
5760	27257
5761	27286
5762	27289
5763	27292
5764	27295
5765	27296
5766	27297
5767	27302
5768	27304
5769	27306
5770	27316
5771	27327
5772	27329
5773	27330
5774	27332
5775	27335
5776	27336
5777	27338
5778	27339
5779	27340
5780	27342
5781	27343
5782	27344
5783	27345
5784	27347
5785	27348
5786	27351
5787	27352
5788	27429
5789	27430
5790	27434
5791	27443
5792	28227
5793	28511
5794	28512
5795	28514
5796	28951
5797	28954
5798	28962
5799	28964
5800	28984
5801	28985
5802	28986
5803	28987
5804	28988
5805	28989
5806	28992
5807	28996
5808	28999
5809	29028
5810	29071
5811	29072
5812	29079
5813	29080
5814	29085
5815	29086
5816	29089
5817	29091
5818	29094
5819	29098
5820	29101
5821	29102
5822	29106
5823	29107
5824	29108
5825	29109
5826	29110
5827	29115
5828	29116
5829	29117
5830	29121
5831	29126
5832	29127
5833	29128
5834	29760
5835	29761
5836	29763
5837	29766
5838	29775
5839	29777
5840	29803
5841	29842
5842	29843
5843	29844
5844	29851
5845	29855
5846	29882
5847	29883
5848	29893
5849	29894
5850	29899
5851	29903
5852	29904
5853	29911
5854	29923
5855	29924
5856	29925
5857	29926
5858	29927
5859	29928
5860	29943
5861	29947
5862	29948
5863	29949
5864	29950
5865	29954
5866	29966
5867	29974
5868	29978
5869	29979
5870	29982
5871	29984
5872	29990
5873	29991
5874	29992
5875	29993
5876	29995
5877	30000
5878	30001
5879	30008
5880	30009
5881	30010
5882	30011
5883	30061
5884	30811
5885	30818
5886	30819
5887	30820
5888	30827
5889	30834
5890	30835
5891	30836
5892	30837
5893	30845
5894	30846
5895	30849
5896	30851
5897	49854
5898	50484
5899	50485
5900	50488
5901	50506
5902	50507
5903	50509
5904	50604
5905	50615
5906	50616
5907	50618
5908	50619
5909	50626
5910	50628
5911	50632
5912	50636
5913	50640
5914	50649
5915	50717
5916	50805
5917	50807
5918	50813
5919	50846
5920	50848
5921	50855
5922	50856
5923	50861
5924	50865
5925	50937
5926	50940
5927	50943
5928	50944
5929	50964
5930	50999
5931	51009
5932	51010
5933	51014
5934	51018
5935	51022
5936	51024
5937	51025
5938	51028
5939	51031
5940	51035
5941	51043
5942	51046
5943	51052
5944	51053
5945	51056
5946	51062
5947	51065
5948	51068
5949	51070
5950	51072
5951	51074
5952	51079
5953	51083
5954	51085
5955	51094
5956	51099
5957	51100
5958	51103
5959	51107
5960	51109
5961	51111
5962	51114
5963	51117
5964	51119
5965	51125
5966	51126
5967	51127
5968	51129
5969	51131
5970	51132
5971	51133
5972	51135
5973	51141
5974	51143
5975	51147
5976	51154
5977	51156
5978	51160
5979	51162
5980	51164
5981	51168
5982	51174
5983	51176
5984	51177
5985	51182
5986	51184
5987	51185
5988	51191
5989	51193
5990	51196
5991	51199
5992	51201
5993	51202
5994	51203
5995	51206
5996	51207
5997	51225
5998	51230
5999	51231
6000	51246
6001	51247
6002	51248
6003	51256
6004	51257
6005	51266
6006	51270
6007	51274
6008	51279
6009	51282
6010	51283
6011	51284
6012	51289
6013	51290
6014	51295
6015	51298
6016	51304
6017	51305
6018	51310
6019	51311
6020	51320
6021	51324
6022	51327
6023	51329
6024	51330
6025	51339
6026	51341
6027	51343
6028	51347
6029	51360
6030	51361
6031	51362
6032	51366
6033	51367
6034	51371
6035	51377
6036	51378
6037	51384
6038	51388
6039	51390
6040	51393
6041	51399
6042	51411
6043	51412
6044	51421
6045	51426
6046	51429
6047	51434
6048	51435
6049	51438
6050	51447
6051	51451
6052	51454
6053	51455
6054	51460
6055	51465
6056	51466
6057	51475
6058	51496
6059	51497
6060	51499
6061	51501
6062	51504
6063	51510
6064	51512
6065	51513
6066	51514
6067	51517
6068	51520
6069	51529
6070	51530
6071	51533
6072	51534
6073	51535
6074	51538
6075	51542
6076	51547
6077	51548
6078	51550
6079	51554
6080	51555
6081	51560
6082	51561
6083	51564
6084	51567
6085	51569
6086	51586
6087	51588
6088	51592
6089	51599
6090	51602
6091	51604
6092	51605
6093	51608
6094	51614
6095	51621
6096	51626
6097	51631
6098	51637
6099	51639
6100	51645
6101	51651
6102	51652
6103	51655
6104	51660
6105	51666
6106	51667
6107	51676
6108	51678
6109	51684
6110	51690
6111	51692
6112	51699
6113	51701
6114	51702
6115	51703
6116	51705
6117	51715
6118	51719
6119	51720
6120	51726
6121	51729
6122	51735
6123	51738
6124	51741
6125	51752
6126	51754
6127	51755
6128	51762
6129	51763
6130	51765
6131	51773
6132	51776
6133	51778
6134	51780
6135	51804
6136	51806
6137	51807
6138	51808
6139	51816
6140	53335
6141	53340
6142	53343
6143	53347
6144	53353
6145	53358
6146	53371
6147	53373
6148	53405
6149	53615
6150	53616
6151	53632
6152	53635
6153	53832
6154	53833
6155	53834
6156	53904
6157	53905
6158	53917
6159	53944
6160	54014
6161	54103
6162	54106
6163	54108
6164	54165
6165	54205
6166	54206
6167	54209
6168	54210
6169	54212
6170	54221
6171	54331
6172	54332
6173	54344
6174	54345
6175	54361
6176	54386
6177	54407
6178	54431
6179	54433
6180	54434
6181	54440
6182	54442
6183	54443
6184	54461
6185	54472
6186	54474
6187	54476
6188	54478
6189	54487
6190	54510
6191	54512
6192	54514
6193	54521
6194	54535
6195	54538
6196	54541
6197	54542
6198	54543
6199	54550
6200	54551
6201	54557
6202	54567
6203	54577
6204	54583
6205	54585
6206	54602
6207	54617
6208	54623
6209	54625
6210	54676
6211	54700
6212	54704
6213	54708
6214	54739
6215	54741
6216	54751
6217	54756
6218	54760
6219	54763
6220	54764
6221	54776
6222	54778
6223	54790
6224	54795
6225	54797
6226	54800
6227	54801
6228	54806
6229	54820
6230	54821
6231	54822
6232	54828
6233	54830
6234	54836
6235	54840
6236	54859
6237	54861
6238	54862
6239	54866
6240	54869
6241	54870
6242	54872
6243	54874
6244	54880
6245	54882
6246	54888
6247	54892
6248	54894
6249	54903
6250	54910
6251	54920
6252	54922
6253	54923
6254	54926
6255	54931
6256	54935
6257	54938
6258	54941
6259	54949
6260	54954
6261	54957
6262	54959
6263	54961
6264	54962
6265	54965
6266	54971
6267	54972
6268	54973
6269	54978
6270	54984
6271	54997
6272	54998
6273	55003
6274	55006
6275	55014
6276	55023
6277	55031
6278	55037
6279	55038
6280	55054
6281	55055
6282	55062
6283	55072
6284	55081
6285	55082
6286	55089
6287	55107
6288	55109
6289	55111
6290	55120
6291	55124
6292	55128
6293	55135
6294	55140
6295	55143
6296	55149
6297	55159
6298	55164
6299	55165
6300	55166
6301	55167
6302	55170
6303	55171
6304	55177
6305	55181
6306	55182
6307	55183
6308	55188
6309	55190
6310	55193
6311	55200
6312	55201
6313	55207
6314	55215
6315	55223
6316	55225
6317	55226
6318	55227
6319	55228
6320	55233
6321	55236
6322	55240
6323	55243
6324	55244
6325	55249
6326	55250
6327	55256
6328	55259
6329	55269
6330	55272
6331	55275
6332	55278
6333	55283
6334	55284
6335	55288
6336	55290
6337	55294
6338	55297
6339	55300
6340	55315
6341	55319
6342	55327
6343	55329
6344	55333
6345	55339
6346	55341
6347	55346
6348	55352
6349	55353
6350	55355
6351	55359
6352	55361
6353	55363
6354	55366
6355	55367
6356	55388
6357	55423
6358	55432
6359	55435
6360	55437
6361	55450
6362	55502
6363	55503
6364	55505
6365	55521
6366	55527
6367	55534
6368	55536
6369	55540
6370	55544
6371	55553
6372	55558
6373	55561
6374	55573
6375	55576
6376	55577
6377	55578
6378	55584
6379	55585
6380	55591
6381	55593
6382	55596
6383	55600
6384	55602
6385	55605
6386	55607
6387	55611
6388	55614
6389	55615
6390	55616
6391	55617
6392	55619
6393	55620
6394	55623
6395	55626
6396	55629
6397	55636
6398	55644
6399	55646
6400	55651
6401	55655
6402	55657
6403	55658
6404	55660
6405	55662
6406	55666
6407	55669
6408	55671
6409	55677
6410	55690
6411	55693
6412	55697
6413	55704
6414	55705
6415	55706
6416	55715
6417	55716
6418	55720
6419	55723
6420	55729
6421	55733
6422	55734
6423	55737
6424	55738
6425	55740
6426	55742
6427	55743
6428	55746
6429	55748
6430	55749
6431	55753
6432	55754
6433	55755
6434	55756
6435	55763
6436	55768
6437	55770
6438	55775
6439	55781
6440	55795
6441	55800
6442	55801
6443	55802
6444	55803
6445	55806
6446	55809
6447	55811
6448	55814
6449	55816
6450	55818
6451	55823
6452	55824
6453	55829
6454	55832
6455	55835
6456	55840
6457	55845
6458	55848
6459	55850
6460	55851
6461	55854
6462	55857
6463	55859
6464	55867
6465	55869
6466	55870
6467	55872
6468	55885
6469	55892
6470	55893
6471	55894
6472	55904
6473	55905
6474	55907
6475	55908
6476	55914
6477	55920
6478	55922
6479	55929
6480	55964
6481	55966
6482	55968
6483	55970
6484	55971
6485	55974
6486	55998
6487	56000
6488	56006
6489	56034
6490	56104
6491	56147
6492	56155
6493	56159
6494	56246
6495	56252
6496	56253
6497	56254
6498	56259
6499	56269
6500	56288
6501	56301
6502	56302
6503	56339
6504	56341
6505	56342
6506	56413
6507	56474
6508	56478
6509	56547
6510	56616
6511	56647
6512	56654
6513	56658
6514	56672
6515	56676
6516	56681
6517	56729
6518	56731
6519	56751
6520	56848
6521	56850
6522	56852
6523	56886
6524	56893
6525	56897
6526	56899
6527	56902
6528	56913
6529	56915
6530	56916
6531	56919
6532	56920
6533	56923
6534	56924
6535	56937
6536	56938
6537	56940
6538	56942
6539	56946
6540	56947
6541	56949
6542	56950
6543	56955
6544	56956
6545	56957
6546	56963
6547	56975
6548	56983
6549	56984
6550	56992
6551	56993
6552	56997
6553	56998
6554	57003
6555	57007
6556	57010
6557	57016
6558	57017
6559	57018
6560	57019
6561	57026
6562	57030
6563	57045
6564	57048
6565	57060
6566	57082
6567	57088
6568	57096
6569	57099
6570	57103
6571	57104
6572	57105
6573	57111
6574	57113
6575	57115
6576	57118
6577	57120
6578	57122
6579	57124
6580	57125
6581	57128
6582	57132
6583	57142
6584	57144
6585	57148
6586	57154
6587	57158
6588	57161
6589	57162
6590	57167
6591	57172
6592	57175
6593	57178
6594	57180
6595	57186
6596	57192
6597	57215
6598	57216
6599	57221
6600	57222
6601	57325
6602	57326
6603	57332
6604	57333
6605	57379
6606	57381
6607	57396
6608	57405
6609	57407
6610	57410
6611	57447
6612	57448
6613	57449
6614	57460
6615	57461
6616	57486
6617	57496
6618	57498
6619	57502
6620	57504
6621	57506
6622	57507
6623	57509
6624	57511
6625	57521
6626	57530
6627	57531
6628	57532
6629	57534
6630	57541
6631	57546
6632	57551
6633	57554
6634	57556
6635	57561
6636	57565
6637	57576
6638	57580
6639	57584
6640	57586
6641	57589
6642	57591
6643	57594
6644	57602
6645	57606
6646	57610
6647	57616
6648	57619
6649	57620
6650	57621
6651	57622
6652	57628
6653	57630
6654	57634
6655	57646
6656	57650
6657	57654
6658	57657
6659	57658
6660	57659
6661	57661
6662	57662
6663	57673
6664	57679
6665	57680
6666	57689
6667	57690
6668	57695
6669	57697
6670	57698
6671	57703
6672	57708
6673	57715
6674	57721
6675	57727
6676	57731
6677	57732
6678	57758
6679	57761
6680	57763
6681	57786
6682	57787
6683	57801
6684	57804
6685	57805
6686	57817
6687	57820
6688	57862
6689	58157
6690	58160
6691	58190
6692	58191
6693	58473
6694	58476
6695	58480
6696	58484
6697	58485
6698	58487
6699	58490
6700	58494
6701	58497
6702	58503
6703	58504
6704	58508
6705	58509
6706	58525
6707	58526
6708	58528
6709	58529
6710	58533
6711	58538
6712	58985
6713	59067
6714	59082
6715	59269
6716	59272
6717	59274
6718	59277
6719	59286
6720	59307
6721	59340
6722	59341
6723	59343
6724	59348
6725	59349
6726	59350
6727	59352
6728	60312
6729	60370
6730	60401
6731	60412
6732	60468
6733	60485
6734	60489
6735	60491
6736	60493
6737	60506
6738	60529
6739	60561
6740	60626
6741	60672
6742	60673
6743	60675
6744	60681
6745	63035
6746	63826
6747	63876
6748	63891
6749	63893
6750	63917
6751	63925
6752	63935
6753	63940
6754	63941
6755	63967
6756	63970
6757	63971
6758	63976
6759	64061
6760	64065
6761	64072
6762	64081
6763	64083
6764	64091
6765	64092
6766	64096
6767	64101
6768	64105
6769	64106
6770	64109
6771	64111
6772	64112
6773	64121
6774	64127
6775	64130
6776	64131
6777	64132
6778	64135
6779	64137
6780	64145
6781	64151
6782	64170
6783	64208
6784	64215
6785	64218
6786	64219
6787	64220
6788	64221
6789	64223
6790	64236
6791	64240
6792	64241
6793	64285
6794	64321
6795	64324
6796	64326
6797	64332
6798	64342
6799	64343
6800	64344
6801	64359
6802	64374
6803	64375
6804	64386
6805	64393
6806	64395
6807	64398
6808	64399
6809	64407
6810	64412
6811	64419
6812	64421
6813	64422
6814	64425
6815	64426
6816	64434
6817	64506
6818	64581
6819	64582
6820	64682
6821	64689
6822	64710
6823	64714
6824	64746
6825	64750
6826	64754
6827	64759
6828	64760
6829	64764
6830	64772
6831	64780
6832	64781
6833	64783
6834	64784
6835	64793
6836	64798
6837	64802
6838	64805
6839	64806
6840	64834
6841	64837
6842	64839
6843	64843
6844	64844
6845	64848
6846	64852
6847	64854
6848	64856
6849	64857
6850	64858
6851	64866
6852	64901
6853	64919
6854	64943
6855	64946
6856	64960
6857	65018
6858	65057
6859	65059
6860	65078
6861	65082
6862	65095
6863	65108
6864	65109
6865	65123
6866	65125
6867	65217
6868	65266
6869	65267
6870	65268
6871	65981
6872	65989
6873	65993
6874	66005
6875	66008
6876	66037
6877	78986
6878	79004
6879	79026
6880	79035
6881	79054
6882	79058
6883	79065
6884	79073
6885	79083
6886	79084
6887	79092
6888	79098
6889	79102
6890	79109
6891	79132
6892	79139
6893	79142
6894	79143
6895	79148
6896	79155
6897	79173
6898	79180
6899	79184
6900	79191
6901	79192
6902	79364
6903	79365
6904	79370
6905	79400
6906	79412
6907	79443
6908	79444
6909	79447
6910	79576
6911	79577
6912	79582
6913	79585
6914	79586
6915	79589
6916	79594
6917	79598
6918	79600
6919	79602
6920	79609
6921	79626
6922	79631
6923	79633
6924	79643
6925	79648
6926	79654
6927	79657
6928	79658
6929	79659
6930	79661
6931	79663
6932	79671
6933	79677
6934	79682
6935	79685
6936	79689
6937	79693
6938	79697
6939	79705
6940	79710
6941	79713
6942	79718
6943	79723
6944	79728
6945	79753
6946	79759
6947	79791
6948	79801
6949	79803
6950	79811
6951	79813
6952	79829
6953	79840
6954	79845
6955	79849
6956	79858
6957	79866
6958	79868
6959	79869
6960	79871
6961	79876
6962	79884
6963	79885
6964	79899
6965	79902
6966	79913
6967	79915
6968	79918
6969	79923
6970	79924
6971	79931
6972	79932
6973	79946
6974	79960
6975	79971
6976	79980
6977	79982
6978	80010
6979	80013
6980	80018
6981	80031
6982	80036
6983	80124
6984	80139
6985	80143
6986	80144
6987	80149
6988	80153
6989	80155
6990	80176
6991	80184
6992	80196
6993	80198
6994	80204
6995	80205
6996	80206
6997	80230
6998	80232
6999	80243
7000	80262
7001	80274
7002	80279
7003	80306
7004	80310
7005	80312
7006	80314
7007	80317
7008	80318
7009	80320
7010	80321
7011	80325
7012	80326
7013	80328
7014	80329
7015	80331
7016	80347
7017	80351
7018	80380
7019	80700
7020	80705
7021	80725
7022	80728
7023	80746
7024	80762
7025	80764
7026	80781
7027	80790
7028	80824
7029	80829
7030	80853
7031	80854
7032	81027
7033	81029
7034	81030
7035	81037
7036	81488
7037	81493
7038	81494
7039	81501
7040	81502
7041	81545
7042	81555
7043	81559
7044	81565
7045	81573
7046	81603
7047	81605
7048	81606
7049	81607
7050	81608
7051	81609
7052	81618
7053	81620
7054	81622
7055	81624
7056	81628
7057	81631
7058	81669
7059	81671
7060	81706
7061	81786
7062	81788
7063	81792
7064	81793
7065	81839
7066	81844
7067	81846
7068	81848
7069	81858
7070	81876
7071	81890
7072	81892
7073	83394
7074	83444
7075	83452
7076	83461
7077	83463
7078	83464
7079	83475
7080	83478
7081	83539
7082	83540
7083	83547
7084	83548
7085	83552
7086	83593
7087	83596
7088	83605
7089	83607
7090	83636
7091	83637
7092	83658
7093	83660
7094	83715
7095	83729
7096	83734
7097	83737
7098	83746
7099	83786
7100	83851
7101	83852
7102	83855
7103	83858
7104	83860
7105	83871
7106	83874
7107	83878
7108	83879
7109	83892
7110	83903
7111	83933
7112	83939
7113	83985
7114	83990
7115	83992
7116	83999
7117	84033
7118	84034
7119	84057
7120	84059
7121	84062
7122	84079
7123	84100
7124	84106
7125	84108
7126	84109
7127	84126
7128	84129
7129	84133
7130	84142
7131	84148
7132	84152
7133	84154
7134	84159
7135	84166
7136	84168
7137	84171
7138	84172
7139	84174
7140	84181
7141	84188
7142	84193
7143	84196
7144	84220
7145	84224
7146	84231
7147	84232
7148	84250
7149	84254
7150	84258
7151	84260
7152	84271
7153	84272
7154	84274
7155	84279
7156	84282
7157	84287
7158	84289
7159	84290
7160	84292
7161	84295
7162	84305
7163	84307
7164	84328
7165	84329
7166	84335
7167	84365
7168	84376
7169	84432
7170	84433
7171	84441
7172	84444
7173	84445
7174	84446
7175	84447
7176	84448
7177	84458
7178	84464
7179	84466
7180	84515
7181	84525
7182	84528
7183	84539
7184	84549
7185	84552
7186	84557
7187	84570
7188	84612
7189	84617
7190	84628
7191	84630
7192	84634
7193	84639
7194	84643
7195	84650
7196	84662
7197	84666
7198	84674
7199	84676
7200	84678
7201	84687
7202	84695
7203	84699
7204	84700
7205	84707
7206	84708
7207	84720
7208	84725
7209	84727
7210	84733
7211	84735
7212	84787
7213	84790
7214	84817
7215	84818
7216	84823
7217	84838
7218	84839
7219	84864
7220	84867
7221	84868
7222	84870
7223	84875
7224	84876
7225	84883
7226	84893
7227	84894
7228	84896
7229	84897
7230	84898
7231	84901
7232	84916
7233	84918
7234	84920
7235	84934
7236	84946
7237	84957
7238	84958
7239	84959
7240	84961
7241	84962
7242	84967
7243	84969
7244	84971
7245	84976
7246	84991
7247	84992
7248	84993
7249	85236
7250	85302
7251	85363
7252	85365
7253	85366
7254	85377
7255	85403
7256	85406
7257	85407
7258	85440
7259	85445
7260	85450
7261	85455
7262	85464
7263	85477
7264	85478
7265	85480
7266	85569
7267	87178
7268	88455
7269	89777
7270	89780
7271	89781
7272	89790
7273	89832
7274	89846
7275	89849
7276	89858
7277	89866
7278	89870
7279	89884
7280	89891
7281	90007
7282	90025
7283	90070
7284	90102
7285	90196
7286	90226
7287	90249
7288	90353
7289	90381
7290	90410
7291	90411
7292	90417
7293	90427
7294	90441
7295	90480
7296	90523
7297	90550
7298	90639
7299	90678
7300	90780
7301	90865
7302	90933
7303	90993
7304	91147
7305	91179
7306	91304
7307	91319
7308	91404
7309	91442
7310	91445
7311	91522
7312	91582
7313	91584
7314	91624
7315	91647
7316	91653
7317	91662
7318	91746
7319	91754
7320	91768
7321	91801
7322	91851
7323	91937
7324	91966
7325	91975
7326	92140
7327	92181
7328	92241
7329	92283
7330	92312
7331	92335
7332	92344
7333	92345
7334	92359
7335	92421
7336	92552
7337	92558
7338	92597
7339	92609
7340	92610
7341	92714
7342	92737
7343	92856
7344	92949
7345	93099
7346	93129
7347	93183
7348	93185
7349	93611
7350	93621
7351	93643
7352	93649
7353	93650
7354	93664
7355	93973
7356	93974
7357	93978
7358	94015
7359	94025
7360	94086
7361	94121
7362	94241
7363	94274
7364	96764
7365	103910
7366	112398
7367	112399
7368	112401
7369	112574
7370	112609
7371	112714
7372	112744
7373	112858
7374	112869
7375	112936
7376	112939
7377	112950
7378	112970
7379	113091
7380	113130
7381	113251
7382	113457
7383	114034
7384	114088
7385	114131
7386	114327
7387	114548
7388	114609
7389	114625
7390	114769
7391	114771
7392	114790
7393	114793
7394	114798
7395	114799
7396	114803
7397	114815
7398	114826
7399	114897
7400	114902
7401	114907
7402	115004
7403	115019
7404	115201
7405	115352
7406	115650
7407	115677
7408	115703
7409	115708
7410	115752
7411	115908
7412	116028
7413	116092
7414	116143
7415	116150
7416	116154
7417	116225
7418	116228
7419	116369
7420	116379
7421	116443
7422	116444
7423	116448
7424	116449
7425	116496
7426	116519
7427	116840
7428	116844
7429	116985
7430	116986
7431	117145
7432	117154
7433	117177
7434	117194
7435	117248
7436	117579
7437	117581
7438	117583
7439	117854
7440	118427
7441	118460
7442	118490
7443	118788
7444	118813
7445	119392
7446	120892
7447	121268
7448	121278
7449	121340
7450	121441
7451	121457
7452	121504
7453	121506
7454	121512
7455	122011
7456	122042
7457	122769
7458	122809
7459	122953
7460	123016
7461	123169
7462	123228
7463	123811
7464	124056
7465	124220
7466	124245
7467	124404
7468	124460
7469	124590
7470	124599
7471	124790
7472	124857
7473	125150
7474	126074
7475	126282
7476	126393
7477	126626
7478	126961
7479	127933
7480	128178
7481	128312
7482	128434
7483	128674
7484	128822
7485	128869
7486	129080
7487	129401
7488	129521
7489	130271
7490	130399
7491	130916
7492	131405
7493	131450
7494	131474
7495	131566
7496	131890
7497	132014
7498	132160
7499	132320
7500	132954
7501	133396
7502	133418
7503	133522
7504	133746
7505	134266
7506	134391
7507	134492
7508	134510
7509	134728
7510	134864
7511	134957
7512	135112
7513	135892
7514	136227
7515	136319
7516	136371
7517	136647
7518	137735
7519	137886
7520	137970
7521	139285
7522	139341
7523	139728
7524	140290
7525	140459
7526	140462
7527	140465
7528	140596
7529	140609
7530	140628
7531	140685
7532	140690
7533	140691
7534	140735
7535	140739
7536	140767
7537	140775
7538	140803
7539	140825
7540	140885
7541	142678
7542	142679
7543	143425
7544	144165
7545	144455
7546	144715
7547	145226
7548	145258
7549	145270
7550	145781
7551	145957
7552	146057
7553	146433
7554	146722
7555	146956
7556	147166
7557	147179
7558	147495
7559	147700
7560	147746
7561	147841
7562	147920
7563	147923
7564	147945
7565	148022
7566	148281
7567	148738
7568	149041
7569	149233
7570	149420
7571	149603
7572	149628
7573	149951
7574	150094
7575	150290
7576	150465
7577	150572
7578	150684
7579	150771
7580	151449
7581	151636
7582	151648
7583	151742
7584	151887
7585	151888
7586	151987
7587	152002
7588	152100
7589	152137
7590	152330
7591	152503
7592	152559
7593	152789
7594	152831
7595	152926
7596	153020
7597	153090
7598	153443
7599	154043
7600	154214
7601	154796
7602	154881
7603	157570
7604	158326
7605	159296
7606	160622
7607	160851
7608	161742
7609	161882
7610	162514
7611	162989
7612	163126
7613	163590
7614	163702
7615	163786
7616	165324
7617	165904
7618	165918
7619	166785
7620	166824
7621	167227
7622	168002
7623	168537
7624	168620
7625	169792
7626	170082
7627	170261
7628	170506
7629	170589
7630	170591
7631	170850
7632	171017
7633	171024
7634	171392
7635	171546
7636	171558
7637	192111
7638	192668
7639	196383
7640	196394
7641	196483
7642	197131
7643	197257
7644	197259
7645	197370
7646	199713
7647	199720
7648	199746
7649	199857
7650	199990
7651	200081
7652	200186
7653	200316
7654	200424
7655	200504
7656	200558
7657	200576
7658	200734
7659	200879
7660	200894
7661	200933
7662	201163
7663	201176
7664	201254
7665	201299
7666	201501
7667	201562
7668	201595
7669	201633
7670	202051
7671	202333
7672	202559
7673	203068
7674	203190
7675	203447
7676	204474
7677	204851
7678	219333
7679	219699
7680	219771
7681	219793
7682	219931
7683	219988
7684	220134
7685	220164
7686	220388
7687	221002
7688	221150
7689	221154
7690	221184
7691	221496
7692	221656
7693	221895
7694	222229
7695	222484
7696	222643
7697	222663
7698	223117
7699	225689
7700	245806
7701	245909
7702	245972
7703	246330
7704	246744
7705	246778
7706	252884
7707	252969
7708	253260
7709	253725
7710	253980
7711	254173
7712	254225
7713	254887
7714	255231
7715	255324
7716	255426
7717	255488
7718	255738
7719	255877
7720	255919
7721	255928
7722	255967
7723	256297
7724	256933
7725	257144
7726	257218
7727	257313
7728	257364
7729	257397
7730	257629
7731	258010
7732	259173
7733	259197
7734	259232
7735	259249
7736	259266
7737	260425
7738	260434
7739	261726
7740	261734
7741	266740
7742	266812
7743	282616
7744	282617
7745	282618
7746	282991
7747	283106
7748	283149
7749	283208
7750	283455
7751	283459
7752	283464
7753	283489
7754	283629
7755	283677
7756	283748
7757	283869
7758	283989
7759	284076
7760	284086
7761	284119
7762	284217
7763	284252
7764	284307
7765	284358
7766	284359
7767	284403
7768	284654
7769	285220
7770	285231
7771	285464
7772	285489
7773	285590
7774	285613
7775	285671
7776	285704
7777	286053
7778	286151
7779	286749
7780	286826
7781	286827
7782	286887
7783	326624
7784	326625
7785	333926
7786	333932
7787	338322
7788	338328
7789	338339
7790	338440
7791	338557
7792	338599
7793	339287
7794	339403
7795	339451
7796	339855
7797	339967
7798	339976
7799	340061
7800	340152
7801	340205
7802	340419
7803	340719
7804	340784
7805	342372
7806	342510
7807	342977
7808	342979
7809	343637
7810	344901
7811	347148
7812	347733
7813	347902
7814	348262
7815	348801
7816	348938
7817	348980
7818	348995
7819	353322
7820	353376
7821	353497
7822	359787
7823	359948
7824	373509
7825	374383
7826	374403
7827	374654
7828	374768
7829	374918
7830	375056
7831	375298
7832	375611
7833	375757
7834	375790
7835	376267
7836	376497
7837	377630
7838	378708
7839	378884
7840	386653
7841	387082
7842	387129
7843	387332
7844	387338
7845	387521
7846	387522
7847	387836
7848	387893
7849	388324
7850	388372
7851	388552
7852	388555
7853	388585
7854	389421
7855	389432
7856	389677
7857	389692
7858	389941
7859	390598
7860	391104
7861	392255
7862	392862
7863	399664
7864	399665
7865	399687
7866	399823
7867	404093
7868	404734
7869	407977
7870	414060
7871	414062
7872	414301
7873	414325
7874	414899
7875	415116
7876	440068
7877	440193
7878	440275
7879	440689
7880	440738
7881	441478
7882	442867
7883	442868
7884	445329
7885	445815
7886	474383
7887	474384
7888	493829
7889	493856
7890	503618
7891	503841
7892	548596
7893	553115
7894	554313
7895	594857
7896	642273
7897	643866
7898	644139
7899	644150
7900	644890
7901	645073
7902	653308
7903	653361
7904	653464
7905	653509
7906	653513
7907	653604
7908	653784
7909	654364
7910	692312
7911	723790
7912	727936
7913	728137
7914	728358
7915	728642
7916	729230
7917	729238
7918	729475
7919	729540
7920	729873
7921	768211
7922	100008586
7923	100128731
7924	100132285
7925	100134934
7926	100271849
7927	100272147
7928	100287171
7929	100287932
7930	100289087
7931	100289462
7932	100293534
7933	100302736
7934	100431172
7935	100462977
7936	100506658
7937	100506742
7938	100526737
7939	100526739
7940	100526767
7941	100527963
7942	100528030
7943	100528032
7944	100529261
7945	100532731
7946	100532736
7947	100533105
7948	100534599
7949	100820829
7950	100996758
7951	101060321
7952	101928601
7953	102157402
7954	102723996
7955	102724334
7956	102724428
7957	102724560
7958	102724594
7959	102724652
7960	102800317
7961	104909134
7962	105375355
7963	106821730
7964	107080638
